OrderID,CustomerID,OrderDate,OrderAmount,DeliveryFee,DiscountApplied
ebdedb32-7d5a-4eb0-8d55-3ebbb5c1843e,96ed9663-7e5c-4c11-bbf9-c8ccb4c111d7,2025-01-01,4499,321,81
b0861eca-881e-46d9-83ad-52aeb561eb5f,30343466-e080-417e-a943-24c1f1a4d7ec,2025-01-01,5737,516,25
bba11cde-e171-4c4b-a591-588828253c2d,e9f4a201-c9fc-4c0e-80b5-edc3d6b377c5,2025-01-01,2902,206,69
f84785ef-c3e9-49f3-bc20-05ecfb485950,4cfc95de-7f43-4a51-b03c-dfa053a704ff,2025-01-01,5333,542,61
8cd57e17-9cf5-496f-a7e9-2450c2396176,634066a1-4d23-4298-8ff8-ede938a1c980,2025-01-01,895,589,4
632ed5d4-5d0b-48f6-bf4b-50c38a02880b,e5848e67-7f43-4119-bf0a-e19c90d2f183,2025-01-01,6954,193,27
3db341a1-cd22-4d46-9f9c-2a27b02b56db,af052620-cc51-4dd9-ad52-577739029aa7,2025-01-01,4309,611,71
08b9e48d-eef7-4db4-82b1-711be6bb3888,e422acaf-9fa9-4f6f-819f-5addbac28601,2025-01-01,144,346,33
148f7a9d-a1db-4901-8ad1-187e5563394d,8ffdafd3-9d97-4561-9eab-efb8fd024aef,2025-01-01,2741,249,64
f3bc40a4-bbba-4a70-bf54-f01993fd3b0a,6b1ff9b0-9981-42a3-ab90-9e035b5fd79c,2025-01-01,156,918,89
29eaca94-2944-4d08-9734-b56af281607d,d9169a3d-d07f-4edd-b1d4-bb32baa23405,2025-01-01,1793,499,68
d7ba38fd-347d-4fc5-b37e-79626664a226,9313e4d6-2d4f-495a-b72c-6c8039a9a985,2025-01-01,3506,71,11
64f58d67-e5a3-4c0a-a48f-b40a8f15f43a,11c5d2f4-1a7d-4a15-9a0c-461d4ea14ef3,2025-01-01,9602,964,22
a194f232-ece0-44ee-ba29-e6695f082b40,1c209f10-6357-4ca1-9e2a-67a0ea78ed4f,2025-01-01,9937,60,99
6e361220-9366-4584-a59c-1ed8625280ef,442cb36c-eb4a-4cb5-a483-27b0a596b920,2025-01-01,7344,117,5
1c40a38f-c131-418b-95ff-a0d8dfb6fad9,b5cc4593-58c5-4acd-a355-253f2fe06d1a,2025-01-01,4253,788,74
2ffa94f6-c88c-4765-9166-5a636269d37b,08bb6921-998c-4b72-b416-d340b1556bbd,2025-01-01,3343,32,45
60cdb549-e316-4f45-966c-13fff196eb0a,e5f33d34-6eba-4421-92b4-30cb705a5b31,2025-01-01,7817,541,61
3058d72e-933c-4ef4-9e6b-760270535ad3,2d484fba-3d74-471b-937f-524623a0e9fc,2025-01-01,9673,589,84
6503aad8-cd54-43cf-ba5a-e728522cbb06,74981e41-0431-4a8f-a6d9-d65858382127,2025-01-01,5893,264,69
5ca36f0a-17d0-4bc5-8739-839612e91b64,ae7392fb-cafc-4fe5-a527-c7a102cb9d0b,2025-01-01,4571,601,11
1dd567c2-13e1-47c3-9d5f-394a553e1533,9209b661-e487-439d-b3ec-48ff378f18ca,2025-01-01,2163,85,42
73782551-8e3b-4764-94c9-b857ec0920ad,412485af-3a3f-444b-9afd-70939627e7ae,2025-01-01,3831,830,92
fb21305b-72f6-4513-93c5-703094a645f2,d41c8a7f-9c1f-4590-80ce-8e672cbfdd8b,2025-01-01,3095,574,10
cebcfb34-9853-4581-9bab-6d69f36c86ea,2f73a6d5-2ebc-4e3f-86ba-0582b8418559,2025-01-01,9453,342,95
90c00007-19b9-47b7-b6bf-445fa9160040,e7704cfa-8015-4256-9de5-2846a7b14c44,2025-01-01,8903,345,55
0f296b84-13b6-46f0-8b4e-5e1972f80c79,f2510abd-bc56-462d-8393-781e97e956a5,2025-01-01,4666,8,79
996330d4-78e9-4ad3-b220-00b420873805,64c77275-40e3-4fdf-b4f9-ab87c64ec11e,2025-01-01,8777,658,73
fd9cde0b-4efe-4e10-b1d6-05757c4b4e7b,b501edd7-01ed-4c9f-8968-e620beb8ad23,2025-01-01,2167,446,62
670b2315-0843-4327-9db4-b7a1702cbcf5,f313355b-0da7-4d6a-b0b6-7f31a47dea02,2025-01-01,7303,77,13
6e6144ff-e8ce-4fdd-8fc0-4d6bb125e7de,eebdbc5a-95da-4ec9-b66e-57bcf2087351,2025-01-01,1246,995,95
5771bdbd-bb05-42ac-aa24-541e735c9138,d386dd3a-12a6-4f54-bd0d-eb6696361dca,2025-01-01,5634,579,50
6ebf4edd-cf4f-4790-91cf-ed5f648eeac2,41c85226-edf0-4f3a-8c61-45e2c0b9373e,2025-01-01,6603,576,29
8b6e954c-c57d-4edd-9c15-ba7d2a888914,c5833dde-acf3-4abd-ac8c-c058f3019116,2025-01-01,7723,305,6
039015c3-acc1-4402-aeb3-3791eff2ba63,a4a8b192-91f3-4c3b-9c22-6124dc5c3ca3,2025-01-01,1404,118,69
5accccb0-be24-4db8-9486-c95c2ba39f5c,dc2a26b3-3226-4ca9-aa73-cf40a75da05e,2025-01-01,3415,613,72
f9fe6615-fb27-420a-baf6-d7cc38e60978,f42ef134-9ad9-4292-92cd-aff7160a422a,2025-01-01,1707,358,28
31e06608-683d-448b-aa95-0cc864526ac2,9e15e58b-7b78-409f-8b0a-989f5d350967,2025-01-01,8599,721,84
35b6f56e-765c-4522-a090-d395f618b2f6,850bf9ac-f11e-4581-b817-9db557dcb8cb,2025-01-01,9245,735,90
0379000e-3caa-4905-b837-83c5bd732ed5,278380d5-c6e4-4385-b3d6-cf1abf9493a0,2025-01-01,527,86,31
a9fc5ad7-3d22-49ac-9c81-25f9e5897a2a,dfc0fb7f-9777-4346-80b7-23b10132e1fe,2025-01-01,7062,421,93
2a7e7cf1-6a39-49fc-aeb2-388b705c9214,9da7059b-af79-4a8d-926e-e6f34e625cbf,2025-01-01,9985,345,37
3e5762d1-18e9-4eb6-9dde-8e9a2b416bfc,f707bfca-5aeb-4425-b2e2-b0df5279639b,2025-01-01,1651,359,31
2e6c7334-3cb4-4151-afb6-3ee2bfdf8ca7,cac82456-4256-44a5-873d-fdd0b2bdc230,2025-01-01,7417,208,6
65f599b0-dabb-479c-a07e-2ab3671602f3,b29586c8-2162-46b9-9d98-124ef8edd527,2025-01-01,2305,330,4
dc872c5b-314b-4f99-8ab8-d234808f3d13,c578a6a8-4eb1-4e6f-96e8-368846e50844,2025-01-01,1668,169,52
a4efe336-d74e-468d-a0c8-f9c85768f7ca,25d097ed-131f-45c2-9a43-62595431f115,2025-01-01,5008,647,58
e2cbb43e-2a65-4b9b-9f2f-6f5858b36076,93d91e58-ef3c-4566-8c45-f9171dfeb4e9,2025-01-01,6554,61,21
04e7297b-8c82-4716-9d57-4caa04818574,3b4cb02a-2f76-4b56-b30e-023abc6e31b6,2025-01-01,2721,767,62
922fe7a1-dfc2-47c4-9c2f-a2eef1d9aff3,2d024546-7214-4d87-b299-722e9594bf95,2025-01-01,4725,583,20
86e3ffda-b5c5-4c59-bf11-551eedec6f4d,a6a4c7a1-630c-493b-9aef-e1cdc058eb54,2025-01-01,4677,383,41
b0ebdf7d-2c8d-44df-9bf4-f4623750bf74,79c2f3c4-3de4-49e0-aaec-700c780004a3,2025-01-01,1524,838,93
c4cb3ac3-8ff3-403d-9f87-e5ec13ff822c,3720a8b1-5fff-401c-a537-e77eb93ed4b5,2025-01-01,5788,268,54
da66f18a-e661-4938-9dc9-6f22bf1a359c,25155412-0b65-45f9-82ff-e8ceb45172a0,2025-01-01,6485,59,9
6873cb29-304a-4618-83d1-d3a4368d4596,21d2282e-03e6-43a7-9427-2ad0fba77799,2025-01-01,4739,897,29
70fd4b0d-58c7-4dd1-ab2c-a4abf14f144e,f43e0a48-d4ba-498a-8ba4-1732b34ee3d8,2025-01-01,4102,93,27
e2d08ec5-4b03-4be6-80b4-c15b098b2dbf,3e63a157-68da-453d-9ade-6e6e0f3b6217,2025-01-01,8278,602,26
df8c7a9b-1ff7-44fe-819b-456c85cec835,f06ae607-867c-4ba0-9dc2-60b6e9605891,2025-01-01,622,646,54
203f298f-5717-4cab-915d-80b9e2f00794,bf2cb4c7-ef6a-4852-83a0-c6d0f75b20a8,2025-01-01,2870,919,41
88bdaf53-3a4b-4d36-b5ba-4e354a4a47c0,ae204e79-e6f4-4c04-9a52-e5664c89699f,2025-01-01,7959,725,14
1009d070-c2d5-42a1-8fcd-903984482186,e0458722-01c3-4c5a-aea6-14af5373d488,2025-01-01,4468,902,77
643ff18d-5261-437d-9267-84b873d93da8,f707bfca-5aeb-4425-b2e2-b0df5279639b,2025-01-01,30,371,39
65b43cee-27f3-4ddb-a181-ee4f6466e608,3fdab2e9-d2ce-4630-951c-25d54391236c,2025-01-01,9846,114,10
6b006811-372a-4caa-833e-cdf98fafcdf2,f231724c-1e94-4719-8a1b-fba5ea0030d8,2025-01-01,389,549,5
aaad5efe-d22e-4588-8a2a-840aa9034f44,65e69ff4-0a19-4c0b-9667-e14316502d2f,2025-01-01,4165,856,66
a0882eca-cfb3-4348-8c3e-7eca62039f47,38b1b216-5f76-473c-9686-80400d72f5fd,2025-01-01,3315,880,15
6dc68fc4-900a-446c-b72e-1a1240e74a30,ea4a69ed-59c2-4d84-b930-6dc962fc00b2,2025-01-01,364,873,82
6b65ff4f-0139-4383-9c85-6b1244696743,704f402b-79a4-4978-baed-87b4f4db8ffa,2025-01-01,853,328,87
f48b7c76-2937-4164-bdd0-9327f9e3801f,9b2eefd1-7ad8-4698-a0e4-2b0890f0ea5f,2025-01-01,3967,257,33
388b9d03-66ce-4321-aa4a-c7cacd709349,de8a7fd4-352e-40d8-a256-4734c0254241,2025-01-01,1010,577,54
cc8d177b-c835-4cbe-9134-38aec3acd723,1d53243d-61dc-4cf2-b23f-13d02a321a55,2025-01-01,1716,904,58
30acc42b-bc87-44c0-a60e-3e1912e1e1c3,ccc3d9a1-5c5c-488c-b2df-7acbacd5a659,2025-01-01,8888,985,9
08e0be13-ab8f-4e26-a08c-c02eb599694f,40f497a4-dda1-47e8-aab5-946e1b3b64aa,2025-01-01,7115,898,24
a06ad0b9-2484-4cec-ae01-5fcb9e8f233c,6c9b2285-dc44-467b-9b48-98ca1b706272,2025-01-01,2032,721,42
15b80e10-2b7b-460d-872a-53f36d71d790,6ac40e1b-5d71-4767-871f-8800b928bd75,2025-01-01,4639,125,24
7cb79f3f-6319-4568-92cd-bdbf772998de,d9169a3d-d07f-4edd-b1d4-bb32baa23405,2025-01-01,5364,707,23
bff3daee-8974-4a09-8a25-a1ac96f1a706,e33d2572-627f-47f5-bd81-c4084ff32bc7,2025-01-01,5118,846,48
75c62feb-5f01-468b-9d69-82812c428200,c077aa34-00c4-40b2-8870-e5866d4c9a98,2025-01-01,5779,810,31
2d2b7d77-e760-4f88-ac7f-a8c6da548e66,3219cc8c-7eac-4963-9ed0-b3282a6cb86f,2025-01-01,7744,836,70
3c30e82b-8948-4a4b-b4b6-1010db8529c8,f4269db2-909a-444e-9d2e-7fd7463b3f0d,2025-01-01,3830,227,62
a73bbef4-21c7-415d-ac52-b6b0418fa5a0,6bbfc12e-5e78-46f6-8766-a0cf3eebd41e,2025-01-01,356,349,95
97832402-845b-4585-ba91-93faaa3fe4e9,98df03af-ac56-4bca-a8ec-9fafc7ab44e7,2025-01-01,2971,189,88
25ebad36-6663-4ec1-b453-e6da4d1d83e8,dfd6ec06-2c82-417c-b928-bf8bccb544ff,2025-01-01,3008,172,52
a6cd1e97-4206-4660-97ee-ccbb1083f06a,b563a5f5-7b75-48ba-a21d-2780b2c6de7c,2025-01-01,4177,15,94
fc7b4515-1cd6-415b-b91e-5dacbe559947,8eea5949-c173-4644-8bca-f1abefc81795,2025-01-01,1044,297,2
dc3c66cb-1703-472d-bc5f-1da22857b340,25155412-0b65-45f9-82ff-e8ceb45172a0,2025-01-01,9477,651,54
7d7e0eb2-77fb-4a79-add9-8dde84b166c7,c077aa34-00c4-40b2-8870-e5866d4c9a98,2025-01-01,8385,612,55
74d50266-6959-40b5-84bb-abcc9ded0dc3,9d4d7404-1751-4697-88b2-15dcf64ba4fc,2025-01-01,5010,581,30
1d083a73-b193-45f4-a339-85cd90b60354,8ffdafd3-9d97-4561-9eab-efb8fd024aef,2025-01-01,7496,202,3
1f27de88-7bb9-43ce-821c-0984075167ba,146bc27d-00dd-4454-918d-9a762fb4bb01,2025-01-01,7446,642,76
906f6675-af91-43ba-ac4e-a4cdbdb1e449,3ab7fb4f-fac8-4cf9-b21a-2537797164bd,2025-01-01,7348,358,64
56549be3-6c45-43c9-ba9e-a4bfb45f38f3,f927db62-c45b-4b36-9f8b-1a84a58aaca5,2025-01-01,1957,490,46
b77ba2d5-a7d8-4943-80c4-340287d1a03a,dba59fee-6dfc-47cd-87f6-b6d7092510fc,2025-01-01,5532,623,48
112c59b1-3efe-4ca3-a54f-cfb3011797b0,510fbad2-c593-40a8-883f-01fe8413c096,2025-01-01,876,677,75
a10c4cf3-ab8f-435b-a442-8d5a0d31bf3f,0ac17896-83da-4218-bc23-e0757258e4ff,2025-01-01,3553,592,95
b99ad2a5-f036-4883-a784-785f394d1dfe,8ffdafd3-9d97-4561-9eab-efb8fd024aef,2025-01-01,7521,738,16
700f4a8f-3ab7-4189-9dff-248ed59af8a2,9333b693-18aa-40d4-bb1d-54defcd88952,2025-01-01,3227,415,85
2ecfa79f-40ad-4e86-b6a9-e7620ab8fbb4,dcca0b7e-4cd6-4b95-8dab-c00d53be6b2d,2025-01-01,2560,166,61
d028e2d9-347a-4f03-b52c-6d5c71c77384,6ce44609-935a-4eb1-8cff-ba4665c9761f,2025-01-01,5298,653,58
1f0e1d5e-04ba-4590-9790-5b95fcb291b7,356031a6-eed1-4c32-b6f7-cb11d278e2e9,2025-01-01,5339,371,10
0c650d5d-b352-48af-b32d-613f42e5b5bd,0c4bf4cc-64e4-4c04-9edd-ef6421f61408,2025-01-01,8383,200,21
eaa49ba1-ceba-4b95-a870-9d1e20f78fa4,d82c8591-674e-4316-b4e8-393d86d8708f,2025-01-01,6738,498,1
d549258b-1c10-4a24-93a1-b4cfcf4e9e72,cb2713f9-57fc-4936-90ae-761c7eca43f0,2025-01-01,7284,892,1
6315a320-8e20-4907-a3c5-aadb237d0b3a,0a53fda1-0c04-4469-ada7-de58e83408b7,2025-01-01,8074,875,46
548fe151-f81c-4e19-a0fc-1e626ba503d5,41c85226-edf0-4f3a-8c61-45e2c0b9373e,2025-01-01,4571,880,89
71a55b10-b5b1-4813-b67e-6bd99a44e89e,8aad5a73-a27b-4574-9449-f71f670d8297,2025-01-01,3755,181,7
eb0315e3-ddcc-4681-accf-9bbcd782bed1,595136ac-51d2-4f2b-bed2-654ed41dcaf4,2025-01-01,5360,288,65
eecb9f5a-6bbd-41a9-87a0-a58a0903c870,8a2147e1-d860-4ffa-b57f-1e72b470bd4e,2025-01-01,6352,197,99
8e9f1992-69a3-4880-b87e-8dff34358c9f,467f13d7-0c65-4dce-a874-690783a27f32,2025-01-01,6750,311,84
c0997af0-a35c-4c94-b613-5b45b033847b,414f1101-b3b5-41e2-a2e3-34f413f417f0,2025-01-01,4304,314,47
744d38ec-7ce2-467e-8ec8-e56b67371308,e036dbe0-47bc-491b-9a6c-b1541d8792af,2025-01-01,1250,447,65
f8884f66-e8dd-4e54-b760-505b2b73d0c9,da642ba9-4551-4cf7-82aa-dd541a995f27,2025-01-01,2886,300,24
2eba9efd-ab8e-4420-b322-0b13ae678e82,bbf6d8a0-d53a-49b0-acc9-298981347a7c,2025-01-01,6477,15,65
7f53b148-aec3-4b3e-bf92-140f57c434b6,f5bdbd30-bba8-4555-a574-0a23adbe1f67,2025-01-01,2764,26,28
01bf109f-954a-43ae-a51d-b1c467afbc84,2d484fba-3d74-471b-937f-524623a0e9fc,2025-01-01,9300,678,66
b18758b3-ca90-4a30-97ff-bd804e282c9b,ca4c6cba-7044-46b5-bb14-1db5443b287c,2025-01-01,8652,380,95
4ef7e2ba-cbb2-48a2-8a8b-1b5fdedd17b4,c03272f8-2cfe-42b8-9adf-14749f833f38,2025-01-01,8662,283,61
600456fb-5637-4bc7-9a72-55fdd6edd4b3,c4369e95-3415-4b39-a50f-88f88c28d303,2025-01-01,5970,717,44
7b43b213-7dd2-4e55-a615-7a902fb16263,f3225be3-5b85-49f6-9783-c67f82126202,2025-01-01,4961,347,77
8ac3e6fe-04fe-4a9b-84d6-3b02314559d4,d1630440-b72c-487e-b308-d3b36cfa2bf5,2025-01-01,4039,20,99
85a2b177-1494-465b-bb56-b4e31f88db71,1b713fb1-a7a2-47be-8ef5-34bca98d9494,2025-01-01,5979,224,69
a0787a0c-a48c-4fce-b030-b176e021190a,e25185a7-d4f5-41f4-a789-bb44d2375160,2025-01-01,5222,156,22
c7e89932-6a72-4d44-9260-82c21eb5ee3f,358cb167-0f46-462d-b22b-56aaaff8018c,2025-01-01,1076,407,21
b0b8f6ab-d2ec-4f3b-87a6-9c4db4d39856,9a9c786e-38e1-49e9-9d0b-8ce29757d25b,2025-01-01,8253,101,64
6d629cc2-4930-4a75-9f3a-de8e651eea4e,119f266b-4be8-448c-9052-b05fb716767f,2025-01-01,6406,324,13
3a04cd61-494c-413b-a0f5-25cc6725dc59,d8c01ed3-3c9a-4ff1-8f9a-c95ab46edfc0,2025-01-01,921,318,89
4c09a1ce-fb5e-4929-87f9-91922cecf8d5,a3bf6783-7b05-4b7d-bfa1-2d251496abbe,2025-01-01,3379,727,49
d9cdd344-073e-463c-8c39-2ae11975ca25,b7163bec-fb47-4ceb-ac76-60f43b46c10c,2025-01-01,8394,365,94
b668825f-831e-4e95-852c-dad07e54cabf,db274da4-d1da-4566-a01d-80ec24afe717,2025-01-01,7340,99,49
10132770-c5f9-406e-a263-fcc021f4b015,13a2da21-833b-48b2-aa05-9cfcb1e3592c,2025-01-01,3217,91,94
b8e309fc-0f9e-4b3a-87bd-ab1d001e5f2c,d49a69f5-d937-4b9a-be53-496bc5663c8a,2025-01-01,1249,836,46
b035b731-54c6-42fb-a9f9-eebec0014e46,94ec4660-2f85-4d5c-8f75-82b6e91d5fe9,2025-01-01,8839,80,88
fadbfd4d-0812-4b3b-811e-c228a0e02029,ac64e220-470f-4d6a-bd92-67599403acfc,2025-01-01,6012,271,73
da2fc8f1-baa9-40b3-b19f-19c76fd16210,5363f13b-9436-435e-8c65-b243c99150d0,2025-01-01,6734,305,62
ce54f070-bb80-4579-ac39-3ed703963329,04805723-e858-4e79-a23f-c9b482b429b0,2025-01-01,1673,454,83
2d721efc-b665-4f66-b024-3545dcb7c0df,183c6cf2-39a0-4007-afc7-f811c30ec2db,2025-01-01,1719,826,2
85abe095-eb77-466e-9fad-a4453c89c2db,0a992c2b-6da6-495e-a615-30bdf7a59f13,2025-01-01,9060,354,99
30edbd97-c4b2-486b-8d22-0fc6341fb37c,7b9d18c7-887a-45af-af8f-72bcac749070,2025-01-01,1029,856,7
c2f3bba0-6ad1-42fd-8f07-25605810bba0,db29423e-7f3a-4b46-937f-09b85283f907,2025-01-01,5424,382,99
29a5654b-7e9a-4d3c-8d60-9c179132ea0f,48aeb111-f690-4e71-aeb3-7b917e962fa3,2025-01-01,2485,230,36
0deb61a0-3c38-4709-aa23-c02760fac4fb,2e72b139-06e0-4fb5-8a03-b6a5a1fec270,2025-01-01,5775,241,97
5359636c-4bd3-4942-b2fa-fa84c4404534,585eabe0-e19b-4ac5-b64c-109926e48219,2025-01-01,9789,544,90
7fea7a5e-19ab-493e-9bee-903c24ee3870,fec3fae1-d76c-42ff-a280-8d0630e61c41,2025-01-01,9270,397,23
1d71e11d-295c-49fd-83a9-4202be987e0f,cadf7289-390b-4c14-bf72-7000d40c66b0,2025-01-01,9841,680,30
740913b6-3595-4c83-9abd-70e0a97cad06,11123104-0689-4fc4-880d-792fcba677d6,2025-01-01,8011,38,96
c0140c5e-213d-4edb-b796-a42771ae4830,a78d6208-1f93-495f-a2cc-813ae0245945,2025-01-01,2863,188,82
5c2d0b8a-8f77-427b-b0a0-67102976b1d8,e8faabea-b637-4484-8e94-32bf9b23fd95,2025-01-01,5793,399,65
5005c3cf-4027-488a-999e-6f9dcab083b6,68b22ab0-e639-46f9-ac7b-3ce6f3d7b4dd,2025-01-01,6905,169,15
489afdd8-446c-40ef-8f98-f3458d9fb9f9,30238c3d-44f3-4729-96ed-f79fe0b728a8,2025-01-01,322,426,55
6a2d5cf6-1eff-42f0-870c-ffffb33c145a,552b2643-4e4c-4a77-886e-17010de58edc,2025-01-01,2543,120,47
e30565d4-22ad-4503-b111-696fdf514ac0,8857345c-6c42-4b43-bd56-fe7bb37289ec,2025-01-01,3457,938,99
b1e7b95a-e485-4735-8571-b95150ad0fab,de63c03b-8f66-42b4-951a-4b8a4d0651df,2025-01-01,2508,113,2
438f5066-7197-41d1-b233-dc91ad1deebd,12449902-3baf-4c70-b547-7206703ee1ac,2025-01-01,1226,153,22
9b2cb92d-2faf-48e3-9340-9ec9e02a75c0,c4ca937f-8420-4125-838b-31e1d9a98620,2025-01-01,2552,256,59
5f59bbb2-7ee2-43df-86fe-bb2b2cca2604,76a863eb-c525-495e-9aa3-bd776496e99c,2025-01-01,7865,994,39
a0060a16-767a-4559-b860-dd6ddabd5627,79c65e87-a28b-4eb0-950c-c51d140452e4,2025-01-01,8075,999,9
71f89e90-403e-4ef8-95e5-7c6eae71945e,58740909-6321-46e9-b909-774451f30bcc,2025-01-01,2240,521,94
819974a1-839a-4e16-b800-d1684469aa45,74981e41-0431-4a8f-a6d9-d65858382127,2025-01-01,7583,301,29
d9cc370e-76e9-44ad-ac00-0c31c7294eca,dfd6ec06-2c82-417c-b928-bf8bccb544ff,2025-01-01,8154,146,2
4455dc81-8b5f-4514-b92c-3cfe9667df62,f355dab8-270d-441e-859c-ef1c034a66f9,2025-01-01,1242,185,32
b1161fde-4f6b-4437-8354-6acb992a82fd,9e81a5c3-62e3-4e50-9736-84e568b7342b,2025-01-01,1270,458,40
d25e4cca-9138-45c1-98f3-abbb84b0400e,bba7a942-a9e7-43cd-853f-63e8dc386229,2025-01-01,521,727,90
072be2b9-86d1-49ed-aecc-b07764d9fe4c,015cd931-586a-4e8a-a470-4cc058fc04fc,2025-01-01,60,87,79
d84c3350-a191-420d-bbac-d88428c0b91a,45041e05-cb56-4cf2-a678-5f1a0f86e24c,2025-01-01,5709,447,29
fab002cc-3ce3-419c-931f-111a90d20f1c,94009203-702d-42ba-a645-0ff142bed5f0,2025-01-01,5100,716,78
408380df-e252-4090-b2cb-f775420fdfba,082e4703-ca48-45f7-bd7b-ad50c76981e8,2025-01-01,2128,904,9
fde99f60-bce5-4110-9f9f-36973faaee50,94b15b98-9e2e-41b6-ad39-8b7ba53b096b,2025-01-01,3504,37,95
50bd4953-c881-4938-b123-b6e890cb3664,8eea5949-c173-4644-8bca-f1abefc81795,2025-01-01,7858,660,43
554b4854-43e1-4f4b-aff3-4542e0690306,d71b96f8-a36f-4d3a-8bef-77350e5cafca,2025-01-01,2055,533,2
f04c7e82-17c2-40bd-9699-4bd931068655,f6d58102-7aa6-4c89-b9ea-ce5010429043,2025-01-01,3139,642,53
eac9f1bb-ceda-41d7-a9d7-35aa666ac61b,5e04304f-d8f3-4ad1-9c46-0b15cc661d69,2025-01-01,174,801,62
708e8320-884b-4b68-83f9-56f42b0ae211,7c718c61-9dfb-4ae9-9f8b-f02360d6ae18,2025-01-01,9448,97,91
cfdb7c2a-6e62-4d27-be95-e1500270bb63,1c209f10-6357-4ca1-9e2a-67a0ea78ed4f,2025-01-01,2113,127,30
778f49d8-8579-49b2-b0dd-29fd336f183f,154f15eb-d4b2-4b62-8088-90920093ceec,2025-01-01,2016,807,79
b311247d-6dcb-41f7-b308-1a9fba992578,daf72a1f-2a87-4cd3-977f-b444ccd0ba10,2025-01-01,5751,375,30
0e945601-a426-479c-beda-a5530096cd15,7d519fc2-4ab3-432a-9478-25be52cc0bb8,2025-01-01,1250,89,15
48c275fb-c508-4644-9024-ac9acedc3f11,494259e0-f582-409a-991d-a391c947ec1b,2025-01-01,6888,698,26
92099cd4-8b1e-41fd-ba1e-e71efb040fb9,bdec5948-144f-48e0-a349-7e5a24be2683,2025-01-01,1586,399,19
7ae39116-cfc4-43a1-8eb7-a915ed8684d7,49f8ed8b-6ccc-4a39-be02-76132ba56d3d,2025-01-01,5587,79,77
6e9945e5-d946-48eb-bdb6-1d7ace0fca05,d7b1ac3f-a0f0-4b7e-b046-3d0d4ffdc6ab,2025-01-01,6064,798,79
abe180b2-5d4a-474d-8792-e7d8a1577672,cd53b6d6-8b0c-4f5a-b914-62b9f87123d4,2025-01-01,7276,800,17
993b283e-5e41-4f2d-8eb8-97958c4c2f66,f1b9c77d-6e75-4800-9581-7a801de65757,2025-01-01,8699,25,70
04553eed-58e6-47cc-8769-618b71250c86,8af7fc01-e887-41cb-bbec-cbddfafa0c64,2025-01-01,818,316,83
4cb288bb-0913-4d4b-b00a-51b1d386ba92,531277b9-b884-46a4-b46b-76fc50b4894e,2025-01-01,105,182,68
72404bfc-9c29-483f-a03d-a0cccf41b5a6,2f73a6d5-2ebc-4e3f-86ba-0582b8418559,2025-01-01,8786,842,95
d6fa2023-d4c8-486c-9707-9544d756f13f,e7b3c8ee-19f6-4f0b-82b2-e88e8034a988,2025-01-01,10,73,72
7ffc2e23-6fb2-4138-9a95-3e579db80a39,7b9d18c7-887a-45af-af8f-72bcac749070,2025-01-01,2515,97,39
d54856bd-95bc-4e79-a5d1-9e2b50a0b8d6,6bbfc12e-5e78-46f6-8766-a0cf3eebd41e,2025-01-01,446,631,87
31b24e51-2315-427b-baa7-94d2405b87f6,f5bdbd30-bba8-4555-a574-0a23adbe1f67,2025-01-01,2170,19,26
045f9a86-92f0-4c72-bb8e-4849d9aa0cab,7654a671-017d-4859-b01e-15d136d6289b,2025-01-01,4099,103,61
b69b8eb8-32a0-46fb-9c84-73c7dd29e501,72adf109-2531-4438-9592-af949fcbcab8,2025-01-01,7147,466,66
522ea009-e42e-44f4-948c-77c7a7e88136,36c5f665-2812-4b84-a6ba-de59668278c5,2025-01-01,4086,111,14
d6a18f75-cd27-4123-8dfc-5517bbf5c8ad,9333b693-18aa-40d4-bb1d-54defcd88952,2025-01-01,8170,845,31
8ddaea65-0ab5-4c82-9348-341d79a7593c,8c696368-5fb7-4033-97c0-5544df5f56bf,2025-01-01,5797,161,46
321a0667-7362-4eaf-8ccc-3923a0d92c9a,22b7be10-8fd9-4c3f-9dc2-60b7cf97e02d,2025-01-01,8343,270,4
2435de2c-694f-4717-8996-d6bb34dcc5fb,2426a307-34b3-48f9-b3a3-ebc3feefc03a,2025-01-01,618,945,15
ca85eb48-9d13-4e90-9e90-537145886cd1,d4c04436-1af5-461a-9347-dbdb9a61768e,2025-01-01,9331,624,61
cdfbea2c-0acc-4bce-980a-df3fc12f94c8,5f238014-5ed1-4fd3-bbf3-6c2a96aba666,2025-01-01,6325,975,13
f6844221-4302-4d1f-b4a5-5e8d3daaacdc,f3d213af-01b0-4a2c-9e47-c092ef5a259a,2025-01-01,5946,636,50
d86445af-2f9f-44ab-820e-32c284b2a831,036f1556-530c-4afa-9433-c94f716882ce,2025-01-01,4806,106,21
18f2a5fe-1374-4804-88dd-3f11b99082ed,40f497a4-dda1-47e8-aab5-946e1b3b64aa,2025-01-01,424,925,55
8ba6fe18-5164-47a3-9024-4bfd72a33249,bab49818-5201-4c8b-b260-91d0fb9194fc,2025-01-01,5063,618,22
4868d7c5-98b9-410c-9d2c-98d43b1dca39,4323c02e-f43e-4bc6-8478-4eace2042353,2025-01-01,3091,52,83
e8d2e47e-2dd3-414c-a53e-914d9e7cf5b0,d736cf4e-bf76-4cc3-996c-8db1de150ed5,2025-01-01,6538,669,89
743959fb-c045-49d8-aed4-ffe80f5dc71b,95ba56bd-567a-4cce-afc0-c013ee38f2e3,2025-01-01,1200,454,40
29391170-76da-4928-8fd6-2e71f539c459,8e047740-a054-4d96-97ac-f29677a32731,2025-01-01,1979,745,77
57b2a143-673a-49cd-bc32-be554afb4557,65734054-5d12-4a86-a498-6f00c3248945,2025-01-01,8176,590,78
52fae65c-114e-451d-9f75-a6a6f472df4f,1cf80a49-16ac-43ca-ab50-fa33cb1b790a,2025-01-01,9611,602,55
7ee12ad5-8aad-482d-925c-ea5ef58d108a,b6b687b2-66cf-42d1-9cbe-3497769e5b49,2025-01-01,4422,535,4
e5ce656c-54e0-427b-b22f-21f178f97161,1debad72-ca3a-4e75-8014-f5c74245dd1f,2025-01-01,4877,417,51
1ce01a12-4762-4faf-8108-2cdad201f0d7,a8837b66-0f7d-47e0-ab0f-8e627a88bc07,2025-01-01,7377,966,58
a320154c-c76a-4a8f-bd52-24bc2db17bc9,7b47d030-8762-4bd6-81ab-083cae7ef866,2025-01-01,3849,96,28
e93f6ee1-dec4-4195-ad0e-a7c6c306fdce,1c3434ee-d79b-4cda-a563-0e21ed9cbf0e,2025-01-01,3573,963,70
3e9ae695-2fb4-4b37-8b57-61628dd8d82b,725367a2-a011-4b5d-902a-10970e6b3f95,2025-01-01,5157,672,32
3a5667c2-06cb-4240-846a-5b6cf68cc21c,d7f047db-7ba5-4e5f-80ac-e65ed96318d0,2025-01-01,2997,269,24
72ca6f43-9be8-410e-bb1a-d39eaed1c376,1b713fb1-a7a2-47be-8ef5-34bca98d9494,2025-01-01,4909,320,72
7d06f686-13a4-4544-91c1-048fb8cd87b4,5d8c740f-1cd7-4117-a868-07f085404e21,2025-01-01,4650,126,8
22505a18-0573-4988-b0ba-a423c1718067,7b9f2e74-7477-4e2d-b1e6-fb8790ecf66b,2025-01-01,1475,208,43
06c7b226-e3fc-4110-b9bf-758e448d2d01,83259178-8572-44a1-8b35-8a59f1bc8196,2025-01-01,3445,818,43
84942f8d-3aa7-4d63-ba20-04b31d501c51,54ecd295-c510-4c08-a059-1aeb7a51f619,2025-01-01,7569,262,41
d5e9846b-e2a4-44fa-955a-2ed39fd2a288,5522b138-e60d-4205-897c-1a2ecd5f1310,2025-01-01,6199,403,37
3d0b64e5-6a92-4aa1-8218-7ea2d6aa59ee,b7390aae-f8f7-431a-9c1f-bb8e98a9fbf5,2025-01-01,5589,248,89
e38eae17-a268-4aa6-8aca-bbf10743012e,d1630440-b72c-487e-b308-d3b36cfa2bf5,2025-01-01,5705,239,58
4cbaeccb-b050-4977-81e6-9139004884d3,14ee6daa-6c9c-4ee8-99d3-9651daa1bcfa,2025-01-01,5811,659,51
1e1c502b-689f-459c-a483-ba2d0e3117ae,0996d258-458f-4a61-b8e4-3e17f28ac407,2025-01-01,7838,636,95
59af47d4-25f5-486d-b482-ab316207176a,796d0989-10f2-448e-a2e0-d3c7ca228af6,2025-01-01,1180,333,44
cf8ad57a-2666-4c3b-98dc-70d740e559d6,dc625079-99ca-4d02-8e0b-659a70747a37,2025-01-01,2829,536,74
714acb45-7a96-41d6-b485-f49c401a0314,c33570eb-e055-4a03-8a29-49654504a19a,2025-01-01,304,547,11
b7c41353-2ba8-49b0-9a9f-d05183473afa,9b5fe62d-627d-4e1f-89f1-8f87fbcc2840,2025-01-01,4988,71,79
3f8ee920-a5a7-4d18-a682-f04cdcb293d2,faffe3ac-b12f-4c9b-879f-4e39d9e373fc,2025-01-01,6231,963,14
bd388b95-b26a-486e-b6ed-e0596c906d8f,8ffdafd3-9d97-4561-9eab-efb8fd024aef,2025-01-01,1341,292,46
d1037b9b-c6aa-4be6-800d-3f49ecf08cd8,5612a84c-2844-4b0d-94ef-e32aa6fb6e56,2025-01-01,7768,909,21
5f42071a-3871-4b0c-82d2-7ebf276c7a05,e95a5141-ae72-4c1f-80af-224d18df5383,2025-01-01,30,156,17
ef78bbf3-e09f-4570-b17a-e65fa7582247,48dffa80-6f42-4573-9452-012d8163492b,2025-01-01,4032,59,64
087802be-4285-4cd1-b0e9-719c9a570e42,6d54cb78-edc2-4204-a516-3fd27bc06443,2025-01-01,1137,705,25
ab0c2d24-ccb5-4dcf-b2c7-f5f40e2ba1b1,dcd41bd6-bc45-4f45-8784-d6adc96c417d,2025-01-01,6430,376,45
1b7d5e33-0afa-4b86-a6da-ed6004df0a39,f992d12b-a879-404f-98bf-3ee8aa41752c,2025-01-01,3282,738,47
0839b76b-fdef-43b5-a68d-586074dfd789,dba9df0e-a063-4ac0-8a66-e1ba447ec801,2025-01-01,2561,243,54
d58ff670-c708-4098-a8c5-380fd792dfe0,2a579709-6f78-4378-af26-8af60242a192,2025-01-01,3075,867,98
50bf7189-45a4-4673-a199-73592a83a963,4daf4cb6-aa6b-4fb3-84a4-177d124130a0,2025-01-01,5295,492,68
13b46705-42cc-418e-a093-3563fa216b77,aea279a9-7151-46e6-8796-d3042d766054,2025-01-01,4937,831,41
5e5932ef-4057-45e1-b574-65621bfa6b53,14492c8f-55c1-4de9-a5ea-af0816ecfd95,2025-01-01,2949,19,93
983e3651-8f85-442e-aee4-9bef33c0c6b0,4daf4cb6-aa6b-4fb3-84a4-177d124130a0,2025-01-01,2958,99,92
3207face-3488-4737-8693-29c89c74c68c,5b917df9-b7a6-40b0-afd7-1f685e5a7463,2025-01-01,7170,346,90
5eea28ae-87da-447e-a508-61d82434999c,082e4703-ca48-45f7-bd7b-ad50c76981e8,2025-01-01,4293,684,27
18d09b6a-43f1-4a92-9558-9eac0a1d6efa,32656fa6-ca68-4cec-9e19-5639ed0db3fe,2025-01-01,5646,171,54
135e6970-161a-4b5b-939f-b98cd4c18979,a3bf6783-7b05-4b7d-bfa1-2d251496abbe,2025-01-01,6782,895,37
c9e7dc2d-66c8-4618-9214-aea9955fc43a,a731301c-56cb-4409-a4da-9aed7f6ecfb6,2025-01-01,8452,293,51
1399f5d6-adc3-48e9-8ead-2a59f266f506,6ac40e1b-5d71-4767-871f-8800b928bd75,2025-01-01,2852,474,98
2c8073eb-3886-4d9c-83e8-34f04dbf6ff1,3c6960b9-94b6-43e3-8cca-28a85a22af0d,2025-01-01,6521,17,91
003a7963-199e-4aa2-b1a0-426a596180e2,ca8ab063-c586-4cc6-9a0a-ebd3a8c48044,2025-01-01,6228,475,55
c429c7d3-eacb-480f-8151-8b61fb632737,90859dc5-f7c5-43af-9db9-3a4d84bb19f9,2025-01-01,8081,23,18
77c38f2f-0e17-4819-82b8-b0fc575d11e4,fe1bdf52-58cd-4411-ae95-c65ff665a631,2025-01-01,4159,656,1
6bb04a5f-03f0-403d-91e1-2ef39b6ddba3,36c4b5e9-8583-4705-b7b5-e7785fd78845,2025-01-01,8138,87,24
d75ad867-c6c9-453d-bc97-7b124c52e834,b51b1880-e151-48dc-94a4-61b43887333e,2025-01-01,2705,53,29
8e5ee378-975d-490c-85b6-f7a676013872,d82c8591-674e-4316-b4e8-393d86d8708f,2025-01-01,4999,731,34
c728ae8a-6ccd-40fb-a827-3f95fb2d8a75,14492c8f-55c1-4de9-a5ea-af0816ecfd95,2025-01-01,6799,904,51
66feb0c2-0bdb-4e90-8cc5-6e51660d2be6,749158ea-4b7a-42e4-a9a8-7b0276b3fda2,2025-01-01,3880,849,8
17f7a31e-757d-436d-a694-baadfdae7590,53ca289f-9532-4c3d-8d36-428bd08a5a61,2025-01-01,1493,731,43
cae25ae4-08cd-43ba-a5da-a974be38bbbb,74211683-c293-40da-a90b-79624720ee03,2025-01-01,2494,263,93
f0eca060-d2c3-4887-81cd-e9c0f26b1a2c,65734054-5d12-4a86-a498-6f00c3248945,2025-01-01,9287,160,19
8b2f2f24-d647-4c8a-9f57-ff7738e272f3,b46b89a8-8d5f-4ccf-b488-2e85939b09be,2025-01-01,1394,613,18
3eef6f2d-b3b5-4f9b-85fa-bda3954ae3ad,daf72a1f-2a87-4cd3-977f-b444ccd0ba10,2025-01-01,2769,362,34
389da545-9a00-4e62-a449-7446df4f7d99,5363f13b-9436-435e-8c65-b243c99150d0,2025-01-01,8954,799,54
be60acb0-f8f5-48a6-9b1f-afbe3890603d,dcb34ae6-437a-4021-81ce-8ce36e5b90a8,2025-01-01,6367,830,36
af4e4f92-b197-44a0-ab8c-7a76806c6f6c,fcb5562d-417b-41f1-b98e-d3b6cd47e85c,2025-01-01,3475,349,93
6b39a165-ea5a-4687-8715-7a65d6ce02c8,a3eb895d-40f9-423c-aabe-9b3826bdff3c,2025-01-01,8312,77,67
4aed0553-8c3a-4303-8931-4b6b7d423014,75354c50-28f7-451b-9018-050bf0ac3f18,2025-01-01,9059,357,56
d7120f99-77a4-4e0e-821c-e486b97d7612,3738f4c0-d71b-4d50-85ad-bd8e3ddffb60,2025-01-01,831,313,92
d8236ced-f81b-4035-aec8-85a5f23b3c13,b7390aae-f8f7-431a-9c1f-bb8e98a9fbf5,2025-01-01,6466,188,71
9b097015-e082-42b2-b7e0-2340dbcba06e,9a9c786e-38e1-49e9-9d0b-8ce29757d25b,2025-01-01,5368,820,47
7f5bf254-4785-40c8-b18d-bdb64c23739a,fd49f361-ed20-4693-b39d-2438187341f1,2025-01-01,3604,320,56
2601df72-0541-4c1f-a61f-903b9c4261a9,ae0371e4-cc5c-4f92-9529-1d82d2d000be,2025-01-01,1153,515,12
43da23ce-b1ad-4084-ac2a-ba1bb0d55092,c76195c0-a94c-452c-a298-54cc54137bbf,2025-01-01,7461,484,44
4e1f38a4-d6c6-4f78-80ca-48a598d423c2,38623523-8f8f-4397-90e8-c9aba24cd070,2025-01-01,7494,658,82
2075b82d-0477-4d6c-a9b9-429bbc41cbf2,1c446f84-b4d9-478d-8607-0e3eeebe3bed,2025-01-01,4159,909,25
d4414c8a-7552-40ff-a07b-8cd14172b127,22bb1bd1-f858-40dc-bd6e-57b076718095,2025-01-01,2037,988,62
1389b05f-462d-4204-8aba-90498147347e,3f7a6daf-2b64-425a-912d-b136febc7244,2025-01-01,1864,447,68
5462115c-89f3-4717-af1b-486825f8f4d7,32f74677-10a9-4b21-b1d4-089940e51015,2025-01-01,9833,555,27
e5742f72-42b7-46bb-a9a7-96412884f44e,412485af-3a3f-444b-9afd-70939627e7ae,2025-01-01,7487,137,26
3fe08585-a075-4fe3-af6b-f212fe8cbb5c,f96d2cd5-4651-4360-bd62-82cb356637b4,2025-01-01,424,387,27
c0e9a00b-687d-483a-9081-8e8d7c9330a2,3ee53054-a2bf-47a2-ab00-4bdec3a809e8,2025-01-01,925,972,57
1f0c54fa-fc34-4588-85c3-98ed532e6923,2dcb86fc-9eee-4ae1-b9bd-e563cf541b7c,2025-01-01,2163,433,27
9e65ab9d-9406-4c62-9e80-e96a125c4573,9340a523-0cd7-4d66-b68f-06f3de43f42c,2025-01-01,4357,943,71
b63ec7cb-819c-449d-969c-2c41280274ca,3b639d41-a36b-41d8-97d8-68988234e90c,2025-01-01,4561,331,84
dae497fd-450f-4542-8ff4-fd2f5174fd3e,1e700d73-c3fd-46ae-a6a2-e1c2aa3d2568,2025-01-01,7553,362,1
b6187667-9410-4e30-9680-c8ac2d0fb9c2,fec3fae1-d76c-42ff-a280-8d0630e61c41,2025-01-01,6010,937,91
2d22e732-9d35-4c32-b39b-3fd27dac0b2d,94b15b98-9e2e-41b6-ad39-8b7ba53b096b,2025-01-01,4591,889,65
218222dc-42a5-4c73-a565-6d1a41665878,4ebfa145-64e3-47f5-b868-6ef4a5abc2d7,2025-01-01,6061,717,71
f9e96c1b-9f58-4c03-a72a-52fd891aeac6,68ebe2bf-1ae2-4373-bd25-92b14736f291,2025-01-01,4024,952,78
609e4306-b74b-4f6a-a327-78ef112022c5,41c85226-edf0-4f3a-8c61-45e2c0b9373e,2025-01-01,2238,274,39
6d2a0361-09eb-4e42-bea6-0c1a3a9b0bfe,7dd03376-37bc-4d80-a926-9e31ebf3e9f7,2025-01-01,976,326,39
5f691242-9112-4341-8281-546d2f46f0e8,6c032ff2-da2e-4087-9ac3-4e3e3ed24bb5,2025-01-01,5821,927,82
8be7143c-5be8-4930-bb44-3e4916c02a56,f02b4656-c319-457b-9229-cba38b0d2a0d,2025-01-01,8470,44,79
f264f1d2-bf28-4591-a9d7-cf0313a5161c,debf84bf-0fa9-48cd-b9df-55b588efead5,2025-01-01,6884,817,55
156015f2-2589-4cb8-94c1-7ae5db26df0b,c138d1da-0e95-4b1d-9c98-b21502a8c088,2025-01-01,912,249,72
16cce495-bebf-4baf-85c0-4e91e335ecdf,ce298cde-fbea-4556-a9ad-f0613a0498c9,2025-01-01,7198,530,93
6f4cd2e8-7016-4172-8e32-5bc5cea7dea8,c5d47363-8ce5-4291-b5fe-a929281a5eef,2025-01-01,8382,621,47
7fa2119f-a55a-4094-9876-4a5655e64ca2,003fd03a-479c-454f-966c-6e44b3168656,2025-01-01,4217,409,70
5af0bde2-89d8-4d16-b0be-aeb57758e020,0996d258-458f-4a61-b8e4-3e17f28ac407,2025-01-01,411,305,30
88eb2c16-c64d-4811-8bd6-8f603b4bad54,a78d6208-1f93-495f-a2cc-813ae0245945,2025-01-01,433,675,6
d6c78ab8-368e-441f-86e7-b5981cb2d022,c805ed4e-b23a-4764-8eac-01a6eb89ec9e,2025-01-01,2801,274,5
3d7bfd6b-1c09-495e-b1cb-64c9c18a688d,15fc7d9f-5aab-4ab0-9dc1-89027112ff7e,2025-01-01,2382,648,36
edb9afb3-07d4-4697-88ea-ac99cff8f222,f39c9cd3-afb5-48d1-ae8b-d5354d49205d,2025-01-01,6101,135,69
19d940a5-dba1-42d2-b9b5-d7f37ec2bb16,026d1698-47e7-4e64-bdad-54cb153bf5a8,2025-01-01,5588,864,55
a2284025-838f-490c-84f7-30c1d655fb12,8bd7d12d-fa4a-4ab0-92f2-44775d6a8bc6,2025-01-01,4088,808,89
87893fb0-c6e5-4b95-b758-517c4f8a66fd,586d2bf3-4330-458a-99e4-64ee921d9a30,2025-01-01,2679,370,75
25e8a6d6-8342-4519-b227-6e718da23f99,c249e5b4-2893-4265-adf1-2de4c4ec4451,2025-01-01,60,31,55
b1fbfb9f-bfb8-4b16-909c-abaee7d71633,0c4bf4cc-64e4-4c04-9edd-ef6421f61408,2025-01-01,9099,609,34
05757b8b-71ab-4cf5-9693-171797a56463,edf0cbf9-f66f-4cec-a28e-244efbf7a01a,2025-01-01,5159,749,76
caf6390d-c88f-43c3-a123-eab913be1e51,a0f2a71c-8e64-4f7b-b50e-eaea149ab5af,2025-01-01,8670,477,26
ce17070a-6dda-4322-9f39-7b119433fda4,a871ed35-cf34-4053-95cb-59a2f65b772e,2025-01-01,7012,234,54
1213a360-8e4b-4a45-9c63-be1f8862ef4a,74708ee0-7548-414b-8860-d313397486a5,2025-01-01,5859,985,96
0a529b84-8c01-47ae-a2ff-bceb42f39dd4,22bb1bd1-f858-40dc-bd6e-57b076718095,2025-01-01,5288,571,13
7a0c1376-34ad-4253-8df7-e2b63115675f,e1a3db19-4d2d-466c-a9f2-f1869f58596f,2025-01-01,4536,197,0
6a74eee9-fc72-4ec5-8b2f-917960ce41a0,634066a1-4d23-4298-8ff8-ede938a1c980,2025-01-01,9344,172,90
4fbfbcc1-d883-40ab-96ce-d7b144a4740f,b4f539b8-b889-4636-ac09-c0b20a603fa0,2025-01-01,2197,369,34
e0c42eab-bf18-4450-98b6-e5f3d9c78360,4ff9c824-b593-4580-9d56-160ae0b52f64,2025-01-01,504,233,8
759be7b9-0c12-426a-9b93-ce612a2c9543,bbf6d8a0-d53a-49b0-acc9-298981347a7c,2025-01-01,2952,315,12
5a5d31f1-fece-4f2a-9ab4-d1e9201f7e1e,ae731234-9e0a-4180-8257-44b35fc3e711,2025-01-01,968,811,5
7ddbcc25-bcf5-4bdd-8fa0-03b005d7be96,75354c50-28f7-451b-9018-050bf0ac3f18,2025-01-01,6498,830,80
e5026cce-cd89-4eb9-b2d3-cda1e1d75d77,f1c9a543-696d-44ef-960f-b52249d21ad3,2025-01-01,4194,767,17
17c509a8-26a5-4472-b00a-3d589151e7fe,4f7af75f-e550-447e-bf6a-dbf8bb394ad2,2025-01-01,1007,114,78
0915a034-101a-41c5-9e7c-58edcd7e5743,d7b1ac3f-a0f0-4b7e-b046-3d0d4ffdc6ab,2025-01-01,1548,316,69
923eab85-4ee1-4afe-be9f-c13aad967e7f,9333b693-18aa-40d4-bb1d-54defcd88952,2025-01-01,5592,858,48
8cbca589-8e60-4f0a-84e4-93cb96c33d68,d7b43af4-912e-4116-ab7b-55f5f88f07dd,2025-01-01,5883,474,30
3b561c5d-95b0-4e9a-931e-97b129c45faf,9dbf19e4-2148-4898-bef4-f59f65589a60,2025-01-01,8454,536,86
e60d9dc0-e8b3-41ab-becd-d8e19d018a89,a7bdf035-3d23-4837-80fe-20f5f80f4371,2025-01-01,9080,452,77
4a537cb1-d819-4816-83b3-83203ef3af9f,72adf109-2531-4438-9592-af949fcbcab8,2025-01-01,2039,287,6
7bed2c97-3697-4060-9c36-3895e2e9a7d5,60978f0c-398f-4f2a-b6b6-58220f7af9fa,2025-01-01,1838,479,96
ed24cbd9-91ed-406d-b633-9a68c7b1daf1,e270eb4a-51fc-4b68-ad7c-5684303d93b6,2025-01-01,8858,962,54
32228b08-c438-4d99-a12c-727657dbb9ed,20e56c9b-d850-48da-a9f7-dc08b2d2013e,2025-01-01,5357,111,17
6ef7caf9-58f3-43ee-836b-d4ef0f106438,e18b842c-c06b-4cec-b839-91d2d60031a4,2025-01-01,9747,847,88
072d1288-a3de-47d9-8dd9-974bcbca9335,41c85226-edf0-4f3a-8c61-45e2c0b9373e,2025-01-01,6638,773,14
a0f4c39d-640a-4592-8bf3-adc335f9a6f1,07437943-08ed-4ebb-aece-1342e20ac2a9,2025-01-01,2608,593,11
3ac7e8dc-1884-49b7-b000-2e4cb1e16e56,146bc27d-00dd-4454-918d-9a762fb4bb01,2025-01-01,8258,104,87
8b036042-608c-4ae4-aa76-84bf7da7a9ef,df77ba8e-1aa7-4385-8d09-f1da8b879213,2025-01-01,6468,677,64
8055f2fe-5b98-4425-8692-e344602510d0,092f4bd7-f19d-4f97-a1cd-c1b1f1b2afb1,2025-01-01,3283,246,0
7c98e609-6954-47ac-a025-8009b120fd17,74192831-ced4-4c7c-98a6-f67de683f798,2025-01-01,9016,523,81
2ce9323e-b58f-41f7-85a5-6db7d1693e29,ba87e769-be70-4814-83d6-4701f971a7b0,2025-01-01,4080,997,47
d82918cc-bb6c-4d11-bb02-30fa76a29fb3,b8fa2ae9-5f15-4ff8-9c4e-ce3e2b03515a,2025-01-01,7173,227,62
5081a590-e83e-4aac-93e4-2c603f7a00d7,e9f4a201-c9fc-4c0e-80b5-edc3d6b377c5,2025-01-01,2297,901,98
59b9891d-3ed1-4b02-88fa-af2ce66e7b67,a3eb895d-40f9-423c-aabe-9b3826bdff3c,2025-01-01,4754,511,37
d23f1c72-9f6a-45e4-8924-ed1553073caf,7508a5a3-e3d0-48d5-9047-090e4f31d049,2025-01-01,8648,546,56
e38aed83-7f6c-459b-8567-cfa82223774e,414f1101-b3b5-41e2-a2e3-34f413f417f0,2025-01-01,566,822,79
7f651618-325c-4685-8212-5bf58ad51140,5e5981c3-7bab-4821-92cf-5487be2b1c13,2025-01-01,6046,602,59
828388b8-a5a9-4dc3-8004-841564251be7,f02b4656-c319-457b-9229-cba38b0d2a0d,2025-01-01,6467,727,16
f844106e-171e-45d4-8e65-f258fd4a29c6,3dd0a404-b5e1-4cd4-bf73-8ed08430cfb7,2025-01-01,8859,358,49
a32bd396-d344-4ffc-aecb-2a2c25061872,c4ca937f-8420-4125-838b-31e1d9a98620,2025-01-01,3417,850,35
ab928c36-9bb4-4154-9b52-50bb22141c9d,925e4e39-2570-4d67-8183-df75e352d89f,2025-01-01,5065,994,97
22957603-9e0a-45dc-830f-daaf752eaa66,74192831-ced4-4c7c-98a6-f67de683f798,2025-01-01,6603,466,84
d091710e-24e1-4d51-b902-ef776c326ab7,f96d2cd5-4651-4360-bd62-82cb356637b4,2025-01-01,6019,501,50
b9d6418c-2d7a-4c33-8ed4-014f49b33b1b,4fbc6070-0799-425d-a4bf-71a324c9848e,2025-01-01,4635,878,62
3bbaa2b1-617a-4ee6-beb3-90a3c117d1a0,3bc19ff9-f596-486c-84cd-002608b28e7d,2025-01-01,4267,200,97
2e1048ac-23ae-4dce-9189-6af39c7f2a86,66cf5013-f164-489b-aecc-1f91a568cc9e,2025-01-01,9321,813,61
cb87e108-8d66-437c-afb6-28ff17f4397e,1cc74550-377d-4508-b377-4575f9db67b8,2025-01-01,1067,965,44
d5faa348-8cef-4ec0-a2e5-614c0a6d1bf9,d497d322-c78b-4c46-a63e-4e684172f1dc,2025-01-01,5237,60,4
9ce9997d-9390-4880-a7dc-7d9fa235cc04,d49a69f5-d937-4b9a-be53-496bc5663c8a,2025-01-01,4034,249,55
df973f8a-dea9-4ec0-8dcd-18a09a8ed6aa,1c446f84-b4d9-478d-8607-0e3eeebe3bed,2025-01-01,1369,861,26
a6e8d310-4c8e-4a7c-90a7-6f5f3b3a0638,fe53f2c4-bf7c-490c-958b-cfa281b92526,2025-01-01,4533,101,7
ff9d1d9d-cca8-46f1-a61c-5780e951d726,154f15eb-d4b2-4b62-8088-90920093ceec,2025-01-01,1547,90,89
3b0a6201-f074-4cbe-a1df-a7b0003683b7,b8fa2ae9-5f15-4ff8-9c4e-ce3e2b03515a,2025-01-01,8236,261,57
c6a4b77e-f07a-4348-b83a-90556bcdf9c7,a1844843-aa40-419b-b024-3c445fe9a530,2025-01-01,145,52,84
30576be8-3b6b-4c07-bd71-3965debc1867,f135b887-6f46-4e92-aee0-d14ed168d0e0,2025-01-01,4407,835,26
8a73c40b-f270-4893-afc3-5b88fc2fdbb2,afd518f8-366a-45cb-b296-97a2eae9cfaf,2025-01-01,2721,181,40
b4434f53-dd96-4b8e-8381-277f5aa849bf,fe1bdf52-58cd-4411-ae95-c65ff665a631,2025-01-01,6473,606,95
c02db51e-4ef0-47c3-8979-56fef91e4ca0,6de44ff4-1573-4c85-8366-cfcc5de9fe1f,2025-01-01,7677,744,64
ff1ddd99-70f2-41c3-ad3a-280a693deecb,41d9d109-f7c0-469d-a08b-918dc2d21a83,2025-01-01,5108,263,40
e0727e78-e98b-4d5c-9988-f1f46bcf4ad4,efa52067-3c82-4ce4-90c1-bfc995bfa03e,2025-01-01,6067,547,43
d40646dc-6416-4499-9fc8-63aaa86f2983,f31ab9f8-0319-4e15-ae07-c64c9bad89e0,2025-01-01,8591,341,34
0b64f92b-3af4-434b-8344-bc54e25833e9,1c924d30-3136-4ce3-b621-a13415f3a7c7,2025-01-01,4029,64,33
2a5028c3-46b0-4b41-98e6-ee0d152fc6a6,36c5f665-2812-4b84-a6ba-de59668278c5,2025-01-01,7420,119,81
ad6aec8d-479c-4ae8-ad9d-3d0e223b262c,fdff471d-f704-4727-a50a-7c50e4646f66,2025-01-01,7435,548,38
209d439a-14ac-4975-bb2f-5e39c09c0e8f,6bf7b009-0d51-46df-a1cf-11473a6d8469,2025-01-01,3188,986,39
b332ecee-5e56-42cd-a6bb-92d9db1bd6ff,9336eb9a-88fa-4bf6-80bb-5de185511783,2025-01-01,9132,52,76
72b93c6a-6f8f-4e1c-8dcb-50451f68569b,b99e18b3-a1a0-4ffc-8484-3fafb0fd7d05,2025-01-01,7935,952,69
3c570384-d3c0-4b92-a47e-2aaf51e3b8c0,0181eb7f-5423-417c-937c-ab69fc3636b9,2025-01-01,454,281,98
cb61f6f0-e703-4573-b305-5275c23dc6ee,90cfcb7e-ba01-4489-b529-02713728cf59,2025-01-01,1102,908,73
08b7baf6-c4ef-4b63-86c2-59192d251881,db21a562-b49e-4b47-a77d-2e1383869810,2025-01-01,3766,610,35
597be2d4-c439-41e6-9275-aeaa43902fbd,c9666602-3b31-45a3-a19b-61365fe80936,2025-01-01,3314,894,73
bb99ae06-5a92-47b4-be35-6c314ae061d0,2dcb86fc-9eee-4ae1-b9bd-e563cf541b7c,2025-01-01,1598,493,61
0a4b2079-21f0-439d-b2f5-48930badc991,25d97edd-0bd6-4e28-bfd9-d4b4ace9405e,2025-01-01,210,328,61
82b9922c-64bf-4dd1-948b-64dfc2f12917,0577c43a-1b91-44dd-b531-e2adafa9ac8f,2025-01-01,7221,401,3
0ce3aaa8-9665-44c2-a28f-5729a7c89c7a,bc50b49e-bccf-4137-a1b6-026bf8f77546,2025-01-01,7260,627,83
24f3e617-5e42-4793-bc16-a7cdfcd64e3d,af1d126a-54a4-490a-b8ea-423b46310f81,2025-01-01,5924,933,71
89f9263d-ac9f-4838-88ae-d2c824090f2a,1f7c5978-0c76-4ea2-b679-4d33b96b013a,2025-01-01,4117,536,94
e595df31-bf5b-4458-ac59-8516ee6265fe,41d9d109-f7c0-469d-a08b-918dc2d21a83,2025-01-01,1247,731,49
76b1910f-1980-4a66-8b70-58913dc44ac2,36e669c9-7869-4df9-bc83-19e85b6f5192,2025-01-01,108,819,79
c8b8abbc-4162-4e99-9be2-5772fe3dab95,c8595328-1b34-4d2b-8d40-d6a2694e7611,2025-01-01,7943,719,28
3b3ba52d-760b-470c-b7a0-596a4f9c3df0,0795512a-45bd-4acb-9760-facb3f849dc6,2025-01-01,5934,590,73
5111c353-5c20-448b-b79f-76642992f07c,82ea7efb-dd18-42cd-a4e3-9e2f4519beb5,2025-01-01,6433,897,52
ecc98458-ece5-4930-b4d8-60c0760e0c56,a731301c-56cb-4409-a4da-9aed7f6ecfb6,2025-01-01,1999,406,80
5d8862ef-fcd8-4388-8c7c-775f116169eb,7f342baf-0c01-450b-bec8-67751f9d5868,2025-01-01,275,865,61
6c698441-d268-4b1d-a911-f6ca868cbf7a,4cafcfae-fae0-4a04-9477-4a638b7b6192,2025-01-01,5537,274,64
387d83bb-ebd3-4442-8f6d-32e207cf0687,33dcdb93-1c96-45e0-9770-1ff8048159f3,2025-01-01,1930,237,12
19a8deb1-fa02-43b4-a302-0deab6dc4e29,85658a77-6132-43a7-9dc6-ce159a75dd1f,2025-01-01,5740,251,2
3dee6600-ce9f-4f48-b845-f10eeba78174,c077aa34-00c4-40b2-8870-e5866d4c9a98,2025-01-01,5957,586,11
1cb3cd56-3cee-4d58-9ca7-f1c89b4b04f1,ae0371e4-cc5c-4f92-9529-1d82d2d000be,2025-01-01,2163,259,5
15180322-cb08-4ce4-9be2-91861ebd947d,98df03af-ac56-4bca-a8ec-9fafc7ab44e7,2025-01-01,259,723,42
6f02e81d-65df-4acd-ace6-dcc1f0065eca,9dbf19e4-2148-4898-bef4-f59f65589a60,2025-01-01,5470,144,80
29c740eb-783a-4294-ac80-bc32560faab5,20aa9235-9f21-468e-b261-7779f4229992,2025-01-01,5067,659,88
6af08171-9213-4d15-9a51-af69930a240a,6a8a51b8-1b06-490f-a3d3-746a9a49a7bb,2025-01-01,6944,689,7
d49f559e-76b4-4707-840e-f1357aab79ad,f1ee6f08-2ce6-4954-a618-bb73e83c766f,2025-01-01,2099,332,44
b2718ed2-5ed2-4835-ab6a-c545f4a7e391,f06ae607-867c-4ba0-9dc2-60b6e9605891,2025-01-01,1847,573,45
12ecdb4e-0df8-48c7-84d3-367df6a428a3,ebf2ca6c-b691-4b8f-a4ff-42d602af9151,2025-01-01,5410,71,13
17212eac-349e-4ab9-a952-61e049031303,3348552d-66be-4017-97b7-a6d658e888dc,2025-01-01,7981,802,84
9fd5f8b8-7129-4ada-8f71-5878e823d270,90cfcb7e-ba01-4489-b529-02713728cf59,2025-01-01,5470,133,30
80e33f21-9b9e-4946-b241-bce49da1d9e3,f42ef134-9ad9-4292-92cd-aff7160a422a,2025-01-01,3164,186,69
e53c5bfd-2530-48e0-99ca-85aac7f343cc,f7d12d27-d34d-4871-9ebd-5d25aa83a81f,2025-01-01,9094,285,84
6c20bdef-4ac3-4cf7-b65e-b9633a94aab3,d9169a3d-d07f-4edd-b1d4-bb32baa23405,2025-01-01,2616,478,43
938a564f-bef7-4bcd-9559-1547de0b6b11,1a822132-adc2-4e40-8932-2ff7ee571089,2025-01-01,3107,302,27
a6c88774-6728-4b63-aea5-4137737eea9d,e5f33d34-6eba-4421-92b4-30cb705a5b31,2025-01-01,8669,710,64
2417979b-408d-46c2-a4f4-a116c473f969,1a7199df-7589-4fb3-81c3-480cf5ab446a,2025-01-01,5180,241,8
8bfc0b6b-72e0-47a3-a68d-2e5be0a3f758,d41c8a7f-9c1f-4590-80ce-8e672cbfdd8b,2025-01-01,277,911,54
922f33b0-b644-4183-a5d7-ccb719c4bcdf,c20121ee-13c1-4273-92c4-1191f0fd29f8,2025-01-01,9994,930,91
4dd5ca1b-0401-4b4a-a0a7-aa950e43368c,915a6ab5-c939-4b31-9a31-8d8dcf98b9aa,2025-01-01,1552,884,94
c035894c-18b5-4322-8e56-3ae72429d8ad,6de079c2-a93c-45c7-9568-ba837c157e1c,2025-01-01,2797,735,36
7e472d9a-4d2a-414d-b138-b4b3d9fd6a76,c260d3d5-ee8b-4f44-8359-2eeb6ae90261,2025-01-01,4353,42,26
b33e8215-09da-4964-a139-6f89f9c6123f,3e9cff11-3beb-40e0-aca0-1898e8225cca,2025-01-01,1948,906,85
c134b80a-c558-4764-897f-f66d5b54ddb1,c4369e95-3415-4b39-a50f-88f88c28d303,2025-01-01,5216,618,25
04e21817-6320-49ad-92c2-8dbefbce81d6,4843396b-02bc-484e-b0ca-6b6d99087dff,2025-01-01,7840,47,11
3baf239b-9629-4fb4-834b-04d22721d1d5,472cf2e4-5be1-48bd-b38d-81270099d2a6,2025-01-01,3484,727,90
4de11ce6-14be-4169-82e8-b614f319c755,33dcdb93-1c96-45e0-9770-1ff8048159f3,2025-01-01,4767,629,93
2318e1a6-61cc-4615-bfca-4a16cbf4b17f,ef874a57-55a9-4337-b271-7f133a21460b,2025-01-01,157,544,17
dd699a20-f47d-403c-a569-44662830d5bd,2d024546-7214-4d87-b299-722e9594bf95,2025-01-01,6248,917,78
d423a254-c609-4eae-a3e6-d32280e5cf9b,f7d12d27-d34d-4871-9ebd-5d25aa83a81f,2025-01-01,6530,81,52
d8c7aa41-85cf-4679-bbaf-fd5d73cd98a7,efff8221-8311-4f54-9267-d75e07cc7538,2025-01-01,1846,511,72
ad8ce6f0-bb22-4a8c-9a13-263ddc548493,6c032ff2-da2e-4087-9ac3-4e3e3ed24bb5,2025-01-01,9093,433,53
088eb600-78f5-4c2e-bdbf-8ed08d6a6dd8,75345811-b674-437f-bc51-44405c7a734b,2025-01-01,6063,70,44
bad9fd70-5e48-4e02-aa52-2a6672c173ce,026d1698-47e7-4e64-bdad-54cb153bf5a8,2025-01-01,9492,41,56
9e2f039f-e61f-410f-9164-5c0ec4bb8874,59d9957d-e20b-4305-839f-6f25486487f9,2025-01-01,2504,125,80
9fa20da3-894d-47a9-b7d3-b6f96ab9a1dc,4ff9c824-b593-4580-9d56-160ae0b52f64,2025-01-01,970,387,85
485647b2-c482-4910-833c-3c1eb0ce11ce,75bd3707-2819-4730-bfc2-36247bcfc2ab,2025-01-01,2316,485,18
2456ac15-8076-47a7-8ad7-917f655fdc26,b8f2f9f8-b4a2-4ded-90ca-2d83a5ee34a7,2025-01-01,2834,381,74
ca2bd9a6-32c1-43f1-8ac7-1a43c0c420d7,4fbc6070-0799-425d-a4bf-71a324c9848e,2025-01-01,9178,816,19
ad76e8a6-bd32-4377-83e3-b7ce3b96596b,1e2b300d-2576-43ef-956f-690f0cd92aa9,2025-01-01,9394,323,16
180337dc-2f03-4c6e-8766-62497b9007ec,1e2e539c-7bb9-4de8-bd35-50917f3c9a2a,2025-01-01,3444,906,80
9b2ec6f9-0f8c-4f03-a1f7-a236c1174868,b1132461-734f-4952-9fb4-114a2b20cc07,2025-01-01,7095,943,25
6039ebc5-318a-4ae1-808a-dbb28bcf1ef3,94b15b98-9e2e-41b6-ad39-8b7ba53b096b,2025-01-01,539,541,94
d2dfbfe5-096c-407d-ba00-9822ea8d1bba,8f67ce71-76fa-4f70-9b95-3d14e813b1c3,2025-01-01,3804,305,86
b472f506-2730-47d7-9af2-ef188339a23f,44dfe01c-4d46-44fa-841a-f7d5a260872d,2025-01-01,8486,556,71
3a64825c-cab8-423e-806a-41a43040d273,1d35c7d3-8e93-408d-8e08-e8be3bf4159a,2025-01-01,7838,738,35
7d84c178-322d-48cd-baab-eff05688c6cd,467f13d7-0c65-4dce-a874-690783a27f32,2025-01-01,9605,467,74
ce714b5f-62ea-498b-b4e9-360a95f2aa30,1c924d30-3136-4ce3-b621-a13415f3a7c7,2025-01-01,6009,788,42
a989ed31-349e-4afd-81ef-6be16549b9ce,7105fcda-d40f-43bd-b414-1b5a44da3746,2025-01-01,9481,725,52
1d978cfa-29a0-447c-beec-5456be7167ce,6a8a51b8-1b06-490f-a3d3-746a9a49a7bb,2025-01-01,9642,645,24
dec6b689-c09c-44e3-971e-18343e2cb482,afd518f8-366a-45cb-b296-97a2eae9cfaf,2025-01-01,7012,460,38
066d006d-9b4c-4b82-bfcb-0ac252b01ad5,cad2ccab-065d-41f6-9ebb-c81f314cc821,2025-01-01,6194,999,36
3ec48040-7ec6-4bf8-8a97-bfd44c652c5b,585eabe0-e19b-4ac5-b64c-109926e48219,2025-01-01,7544,27,25
0e18c597-4c2b-484c-83a2-daa369268a70,bc2a2e0e-07f0-43e7-a2b8-9fd28fc35ab2,2025-01-01,1259,115,17
050e4119-b5f9-4c28-a853-83bf36ae099e,b8ab8ac9-1a23-4f62-a76c-94c6273c941e,2025-01-01,8902,257,7
7c92ebbd-560d-479e-8d8c-622ab26fd381,e1a3db19-4d2d-466c-a9f2-f1869f58596f,2025-01-01,7465,195,41
9d9bfaa1-9161-4e10-b02f-fcfa8fc793ad,0cb4b5fd-ff03-4441-b568-3652e4275391,2025-01-01,7942,646,19
7205dbd5-4e79-43e3-b45c-1b7e1f404bea,7105fcda-d40f-43bd-b414-1b5a44da3746,2025-01-01,3742,743,43
87d66005-bd8c-4145-ac0b-9b7f91cf17a8,7ea5bc61-6fd5-47ef-83da-10617f09ed2e,2025-01-01,5666,16,8
02a52531-c343-4be3-8cc7-58430983809f,51d2a450-c9f9-4ad8-a9b4-81ae29bb4457,2025-01-01,7628,197,53
ce866f3a-d13b-49b6-84e6-f35ca48261c9,f5bdbd30-bba8-4555-a574-0a23adbe1f67,2025-01-01,5452,155,89
718bbe86-f003-46c7-9a16-442068494cdb,3dc4d808-882d-4eba-a666-54de9a4390cf,2025-01-01,6053,791,69
83f57630-8e66-4dbf-85ad-0f525b97ee4a,17a3088f-4c1a-4ffe-a5a6-2b7e115e5be0,2025-01-01,7016,841,13
3f6f3e0e-86a8-4e1d-9c5f-b5be122318de,6111c8c8-9c17-44da-8e32-6e04f886e886,2025-01-01,3435,140,0
d932c28d-b55c-4bea-9793-2c7a5e7f40a8,19a7022c-34d0-4cb2-a560-a7679e0cf1e3,2025-01-01,426,886,68
eb0272ce-9985-446e-83d2-515efbf75f49,419dc9bc-94c2-49a1-bc35-94027982218f,2025-01-01,9210,714,99
3a2a8a94-47f6-45a1-8ee4-4606bbe72f17,68f0b75b-9662-42e4-be27-263a20e6e634,2025-01-01,9433,187,83
974e7ed4-0498-459c-bb9c-e8224f7f22ea,551e8e86-4eb3-4cf3-ba1a-d796b7478cdf,2025-01-01,3077,956,87
7e5d3b2a-1d90-4491-b4ea-5165fa0d2cad,7cb8a350-704c-4842-8013-7c1c4a75cba1,2025-01-01,7562,159,14
7126f682-15f2-4e92-8018-52e6d37840c6,1c4fd3ac-1220-4a3b-9c46-5c66e10385b4,2025-01-01,2378,946,69
2f821765-c377-4bdc-a33f-83615f5f0aa5,70f81222-e4c8-4f93-855e-0ea68d1beaee,2025-01-01,1645,926,55
a3e08c0e-d087-4d35-978d-7a3aa5ed6b50,7016175d-5293-48c6-8773-7907ea1ac9b8,2025-01-01,955,507,27
804a0956-f058-4772-872d-fd2eff87b67e,5e5981c3-7bab-4821-92cf-5487be2b1c13,2025-01-01,3103,865,21
98fa9726-30f4-484d-8b2f-40a720c67edf,c174195b-3adf-40c4-8735-b9978275c363,2025-01-01,2232,595,2
ebeebde2-d351-4a55-9583-c41800db4830,edeca2e4-2ff9-404f-9a4d-d143fbca3e54,2025-01-01,3038,678,62
791360ca-9d4b-4251-9239-1c9ebac45178,d82c8591-674e-4316-b4e8-393d86d8708f,2025-01-01,9741,63,91
b7735a8a-e00f-4ad9-a589-345eec3ae89a,e5848e67-7f43-4119-bf0a-e19c90d2f183,2025-01-01,4118,76,42
bb1cc022-d337-4d67-bc88-7329473ea301,1803360f-9744-4fb7-ae36-f68dae3ac544,2025-01-01,5294,45,85
968472ce-6797-44ae-afd0-63c27428b79c,4be52281-a2b4-40b8-8d3f-7a3915b6e430,2025-01-01,4878,828,11
e8880683-6c1a-4322-97ca-d053f82a10e5,68b22ab0-e639-46f9-ac7b-3ce6f3d7b4dd,2025-01-01,6304,595,48
150883a9-688a-4d48-a3d0-d1960676bd8d,dcb34ae6-437a-4021-81ce-8ce36e5b90a8,2025-01-01,1113,512,17
9fdaea71-aaef-4f90-81ef-bac5031b6e61,960946b3-9311-4c73-85c7-77a136cd7769,2025-01-01,5689,102,45
bda66679-61ef-44ae-ad1d-3c602f3e5bee,ae881c04-4282-4da7-80da-a384248fed1a,2025-01-01,8140,533,19
2dd36a6f-6266-4433-807f-c4b9ca39ee8b,6bbfc12e-5e78-46f6-8766-a0cf3eebd41e,2025-01-01,4565,713,41
0df71cd9-e9b8-43cf-9dd5-9ef87557be2f,64c77275-40e3-4fdf-b4f9-ab87c64ec11e,2025-01-01,1895,852,49
13e5075e-a93f-43c9-b3d1-5c312a1e7d81,9a9c786e-38e1-49e9-9d0b-8ce29757d25b,2025-01-01,3560,516,12
2f65ad4a-e46f-492a-829e-1d9cad0b195f,96869474-e1a1-4ea3-849e-c64fc6723f57,2025-01-01,6865,305,74
f7838bfa-3824-493a-83a4-1b1f71677b40,cb4bcf8b-f6e6-41e5-a480-9714d392c485,2025-01-01,1946,703,71
ce54f15f-9b24-48a8-ac2f-1daca144da21,8ffdafd3-9d97-4561-9eab-efb8fd024aef,2025-01-01,8958,508,33
5f53d053-815b-4f92-8f1e-1484aede6b6f,2d484fba-3d74-471b-937f-524623a0e9fc,2025-01-01,1303,838,97
721ff20a-2035-4f05-b6b3-599ef9d7d497,092f4bd7-f19d-4f97-a1cd-c1b1f1b2afb1,2025-01-01,6744,436,53
794bb1c6-ba0d-48e5-abcd-4e13139fda19,d3474b2c-a01d-4a23-9ca9-5fee7879188a,2025-01-01,5553,241,81
61c1b46e-05ff-4291-9035-b4024db8c045,96869474-e1a1-4ea3-849e-c64fc6723f57,2025-01-01,8377,442,19
ea8de81e-29b1-46e7-bafb-e5b024152222,4fbc6070-0799-425d-a4bf-71a324c9848e,2025-01-01,6752,466,55
fb839f34-9852-4d70-a769-66df391627cc,f4b8b23c-e4a8-4a37-8455-b22ee5c14c61,2025-01-01,150,569,9
3efe4438-7e96-426e-8a02-b5be36734a92,f6d58102-7aa6-4c89-b9ea-ce5010429043,2025-01-01,9522,52,5
8a28ead7-2114-4436-81e0-fdc8aad6db41,a89291d9-f47e-44a6-aefe-23f3f87c7aad,2025-01-01,3074,603,19
d686e21f-9ea5-4258-bed5-c8c7c77b50d5,a04bf9b9-d959-4677-a6de-29c1ee96685a,2025-01-01,6454,638,47
542e2725-962d-49dc-84aa-d633fc7954b8,915a6ab5-c939-4b31-9a31-8d8dcf98b9aa,2025-01-01,2330,869,17
f1476984-2d4a-4c7f-aba3-0eeefedd488d,df40d48e-b893-4e1a-8a12-8ec544d3907c,2025-01-01,7372,991,15
41902ff3-6094-4f97-82fc-a82431141383,db21a562-b49e-4b47-a77d-2e1383869810,2025-01-01,1904,336,3
4a86ab29-8219-4d6a-98e2-125e1994f6d1,8eea5949-c173-4644-8bca-f1abefc81795,2025-01-01,816,418,66
cf1dd6d3-f5a3-4ded-b671-b795da635e0d,e25185a7-d4f5-41f4-a789-bb44d2375160,2025-01-01,4936,350,95
a85c2689-bdff-4b3f-a71b-1a28c8597270,e95a5141-ae72-4c1f-80af-224d18df5383,2025-01-01,6018,686,11
98df03a4-a888-49bc-a776-fdceb8902b09,b563a5f5-7b75-48ba-a21d-2780b2c6de7c,2025-01-01,1726,659,7
2d39499b-5777-4e02-bf4a-d8a946eceada,c7b1f338-0be0-40f3-9035-91e585006ac1,2025-01-01,5654,84,45
3a9a05f3-3765-42fb-beba-151e89551a01,47938847-6f2e-486f-b786-a3eceb468480,2025-01-01,3293,688,62
420f3aac-cefa-41a2-ac14-446c1daadd77,9e81a5c3-62e3-4e50-9736-84e568b7342b,2025-01-01,6047,187,87
38c34ce4-05ca-46de-9976-a7bfa0d85e95,036f1556-530c-4afa-9433-c94f716882ce,2025-01-01,7240,395,60
bf78ffd3-3fbc-440e-b7ef-3b59f38edc8d,dcca0b7e-4cd6-4b95-8dab-c00d53be6b2d,2025-01-01,6350,229,41
fca9013d-7e15-437e-b696-2a65bcbb0907,119f266b-4be8-448c-9052-b05fb716767f,2025-01-01,6737,896,29
891ae4c1-a667-4835-ba64-42a8c92afbcf,b213d916-5ac9-42d6-91ba-11c5ebe43db7,2025-01-01,3218,945,23
ecdef4a3-5738-4de3-a594-96d9c8ded30b,b80578c8-4017-4fd3-8d56-0afc413274e0,2025-01-01,7505,672,5
3271c535-cc97-4f27-a8b2-01a29ead7160,1586c1cb-dba5-40fd-b228-35e0f4a2e137,2025-01-01,9743,966,39
1f680584-26e5-461f-ad82-89dd55a7d821,4843396b-02bc-484e-b0ca-6b6d99087dff,2025-01-01,2590,33,73
38392d31-f9e0-4331-aaa8-a7d9ba1f291e,92fb63de-f6a6-45ec-a859-cdda2fb3e616,2025-01-01,2311,357,47
ea1b43a6-77cf-42ab-9537-b3891b35cf7a,749158ea-4b7a-42e4-a9a8-7b0276b3fda2,2025-01-01,6006,601,67
c0f49860-b5b1-4890-9a96-a9ffb856a6ff,b8fa2ae9-5f15-4ff8-9c4e-ce3e2b03515a,2025-01-01,2889,340,68
136166d4-b95b-4f1e-95ac-f840bae1a552,652177e5-22a4-44ef-84e0-296aa5ad1463,2025-01-01,2795,698,0
84cf1f60-c687-4b94-bace-4b3dc8a90353,f6e60319-d6f1-4009-9cec-82d607fb5a97,2025-01-01,4899,371,34
ef0023c2-acb1-4368-9184-28ef4e01c861,65e69ff4-0a19-4c0b-9667-e14316502d2f,2025-01-01,7243,826,82
f986f5da-2498-4c6d-bbaf-f8741c888a7e,213d2690-0ea6-4643-b17d-809aaecb9358,2025-01-01,3113,84,3
fa277f41-d1ce-484e-88ff-e04aa56ab8b5,b213d916-5ac9-42d6-91ba-11c5ebe43db7,2025-01-01,2363,672,28
e4f62cee-4c12-4ed2-90e9-fdc0d02fe2b5,01d12f9c-c2a7-4ee8-aa20-8530c254bda0,2025-01-01,6428,846,13
11541672-2c66-4043-a773-d36f2c9953c0,e0da9b11-1ac3-4bb2-a511-84b4549afa20,2025-01-01,3435,373,14
e8b28709-e28f-4e37-bcf6-5640bd1f2b92,401a0b48-b220-44fe-b87f-6b2d34913ed3,2025-01-01,2124,933,72
e8fd417b-1d3b-4b6e-b726-1130bcb9fd1e,8d5edca6-a871-4517-ab05-3516d5f08ba7,2025-01-01,6445,351,25
846f6210-5736-4412-ab0d-06118a8ff8e5,3348552d-66be-4017-97b7-a6d658e888dc,2025-01-01,3968,388,24
a75f2981-d46d-4e28-847d-5e1fe4147edb,9b2eefd1-7ad8-4698-a0e4-2b0890f0ea5f,2025-01-01,4776,354,34
5a8b6cc2-3c40-4d08-b878-aa9e3154c4e0,ba87e769-be70-4814-83d6-4701f971a7b0,2025-01-01,2119,422,90
987671e5-175f-4e25-bbc5-93bc03b078ba,3a078995-6415-427b-93fa-1dccfbfaf262,2025-01-01,9682,879,48
7015aa9f-12fb-48fb-bbac-6eaed18f7480,01f9f4cf-d342-48f1-9170-4b9952c404d1,2025-01-01,2614,22,8
7c45e0d3-273e-4c62-ac06-1a62d038f185,9e599ea8-4d27-48f2-a4c9-e26d70aefc40,2025-01-01,6050,338,22
d8b4767f-7841-4884-9792-ffe4821ac653,76e277e0-6d84-4ee0-b9ce-7d7782bedf0e,2025-01-01,6527,331,81
d657345f-4137-41bc-8216-6746b29129e9,9c2b07fa-89aa-4108-b98b-e0a58c297344,2025-01-01,2017,500,34
32a57a9a-5f35-4c1b-bb9b-b743d5ec2d6e,ca1ffb06-fe26-47e3-ad4e-fc8026e7f5e8,2025-01-01,8782,55,0
9f71c612-65cf-4438-9460-d46a84cfe3f8,5e4613fc-b0e9-4004-b467-12f3ca31289f,2025-01-01,2158,605,77
e62ee2bc-7258-4378-a9c0-787dafa7c08e,60978f0c-398f-4f2a-b6b6-58220f7af9fa,2025-01-01,8917,766,28
1986a724-02fb-4f0e-bc5d-bddc975763bf,b62b48aa-35cf-402b-8bf0-cf27cfe20a25,2025-01-01,4483,421,57
c7c280ae-a229-4e3d-a1a0-3183bfe5e454,a1844843-aa40-419b-b024-3c445fe9a530,2025-01-01,4596,592,89
1f0e50a0-a9b4-493f-a7a2-dc4a0696285b,1d35c7d3-8e93-408d-8e08-e8be3bf4159a,2025-01-01,3978,382,10
7bdf75b8-4bfb-404e-b4f8-ec2fe6364b04,7eacb4ed-7d9a-4830-aadb-4466b1ce846e,2025-01-01,7470,560,91
cdf6bdb2-6c96-451c-a3e2-5682b5bb55c7,dbaa4dd7-25ca-4439-95a0-fa0d42021e80,2025-01-01,4111,574,40
34710b9b-5597-40a9-a63b-71bc416895dc,9313e4d6-2d4f-495a-b72c-6c8039a9a985,2025-01-01,3969,434,8
a8e76d8e-5518-4cbe-8ce6-d7f21097535e,467f13d7-0c65-4dce-a874-690783a27f32,2025-01-01,2354,149,38
75dab38c-9090-4a2e-886e-434d2cbb77a5,586d1ab2-f313-440f-ba47-140308c90049,2025-01-01,9410,340,74
2885a56f-7461-42d3-b6b2-bbe66baa847d,c870df06-f8e5-4b2f-b854-9bd366ce923b,2025-01-01,2567,664,63
e020a3bb-534f-48b9-9484-e3475774e6ca,e5848e67-7f43-4119-bf0a-e19c90d2f183,2025-01-01,8688,101,0
07e320df-bd9e-4ea2-8c01-7cab681af167,a5a70f42-c5b6-4ec5-bf71-90ee14d5b085,2025-01-01,9706,54,21
e2ad7957-b83d-4092-9d95-98997dfde65b,f313355b-0da7-4d6a-b0b6-7f31a47dea02,2025-01-01,6730,762,56
bf42bc89-fbc8-4242-8a2a-df39c6daf418,cccbfa7c-2eae-4747-aa78-69ee52ea6f7a,2025-01-01,3783,823,69
f1a89216-e5df-453d-9775-0c6e5f759aff,25155412-0b65-45f9-82ff-e8ceb45172a0,2025-01-01,6721,897,5
1dd1dc7c-4656-481f-ab1a-6eb58a106011,a6ac709c-ddc3-4943-bf95-816cfb5216bd,2025-01-01,364,45,12
ebbaf3d7-35eb-4e7a-9e1e-287890e3ac17,ff2ad219-d953-48f2-80a6-b4a5405cb509,2025-01-01,3082,346,62
2b5be605-70b1-4273-a323-61bf6bee7708,0795512a-45bd-4acb-9760-facb3f849dc6,2025-01-01,6535,145,27
663ab84e-a0e8-4d7f-9f30-3eb6cdcbc7e4,930bb526-1531-4718-b4a8-b239217bcd40,2025-01-01,5371,732,36
d3f1d70a-1bf7-4448-89b8-9f9a0025279a,401b8e61-4026-44f7-a3b3-510296543b1e,2025-01-01,1330,639,58
63c51c2f-78ad-4dc5-8845-adcf844e7803,93d91e58-ef3c-4566-8c45-f9171dfeb4e9,2025-01-01,6762,836,0
ce7f3757-fc8f-40c7-aaed-df24ea84c843,3738f4c0-d71b-4d50-85ad-bd8e3ddffb60,2025-01-01,8383,295,89
412a9039-8d96-42c2-84d5-b2be8ff25d74,11123104-0689-4fc4-880d-792fcba677d6,2025-01-01,4957,406,52
8387fff0-c2b5-4b13-9459-f39333c0fcb1,25d97edd-0bd6-4e28-bfd9-d4b4ace9405e,2025-01-01,2748,485,0
9b4e2790-330f-481b-81d2-54d439030fb3,0a53fda1-0c04-4469-ada7-de58e83408b7,2025-01-01,4509,733,4
5cd063b8-9f36-405a-83ee-4d1b478536c5,40036de9-8633-4570-b3c2-aedca99ebb71,2025-01-01,5354,211,52
d4c10dc0-662c-496e-9a76-f701893d94a7,656ac2d5-21c9-42a1-8236-f2df7cb8b92e,2025-01-01,8420,660,61
8bffb8e2-5b07-4f41-8630-20766e5caee2,c2557869-b671-4faf-9a5d-2d36ddd315c4,2025-01-01,9422,587,60
d32fd46d-7df3-4fdc-9c4b-7af3310b45ba,1c3434ee-d79b-4cda-a563-0e21ed9cbf0e,2025-01-01,2350,750,61
9a39fe9f-8dbb-4011-90a7-0bd8fc5be063,815e7d2c-3456-4458-a345-7e6fe3e94a3b,2025-01-01,1522,825,58
fa6af2f0-1a6a-4921-94b1-9684d6747e7a,021fb4cf-d67d-4a05-8192-3ea31de9504b,2025-01-01,1621,54,70
d2700158-ce9b-4650-bc2a-6667c2160ae9,935ee0e2-d86a-4054-a3b5-02aa2770415a,2025-01-01,5998,460,76
3073494d-9b95-446b-b1a5-73a97ea9f373,94b15b98-9e2e-41b6-ad39-8b7ba53b096b,2025-01-01,7181,830,44
427f60f3-6a53-431a-b6a1-13e95c064dc9,245913f9-5585-4701-98cf-df701462ae70,2025-01-01,3529,921,88
c9e4549d-10ef-4771-b8b7-b93ba82a1294,6427b23d-8cc4-49f4-a3b8-f8e277aba91e,2025-01-01,9406,394,14
cb4bbc38-e3e0-4509-8ec6-10770d738b5c,65734054-5d12-4a86-a498-6f00c3248945,2025-01-01,7949,161,30
8802d480-f66a-44c5-80b1-472a07d3b8d0,21d2282e-03e6-43a7-9427-2ad0fba77799,2025-01-01,5557,978,70
1a14a914-aef4-4e8a-804c-86cc61fb63e2,49f8ed8b-6ccc-4a39-be02-76132ba56d3d,2025-01-01,795,945,4
023afa06-868c-422b-bf2a-80eabebcc9e8,fe844fd1-ed65-4a2a-8044-63769a52a973,2025-01-01,1881,961,9
bdab0d3b-f5ed-492f-8bae-315acdc76256,4d5c6142-fe51-4b83-9ffe-6ca3b11a723e,2025-01-01,22,298,25
9f868074-a955-472c-ae7f-9827c0338cf7,ae6cffa6-61d4-429a-9190-f8c29a3d5422,2025-01-01,1403,984,3
de3a3d6f-c839-4a5b-9b6a-c2782afb9598,fe53f2c4-bf7c-490c-958b-cfa281b92526,2025-01-01,1879,20,97
dd5fc22a-f339-474e-a456-6baaba52f9a0,ca4c6cba-7044-46b5-bb14-1db5443b287c,2025-01-01,3429,988,65
7f3daaf4-289a-42e4-9413-5536f2d27a98,ecd0388b-c49a-4bb2-998a-688845027104,2025-01-01,2772,611,47
c7b90277-dd38-4de2-8f52-d45eea148776,46063565-a3ac-47b4-a636-709751923d17,2025-01-01,4307,810,21
9a6e5ff0-bff0-48ff-87f5-5a41e9ef2278,afd518f8-366a-45cb-b296-97a2eae9cfaf,2025-01-01,4273,831,68
b61b7733-fe52-4438-b491-a5b03088ff67,e5acb304-1e56-4c4d-8df3-95afc9a31db2,2025-01-01,134,2,72
ee699e64-01fc-40d4-b59b-0344bb002da1,f6d350d2-b417-4ef0-b8a9-895383981043,2025-01-01,17,871,77
e7e3a67e-3bfd-4c80-8aeb-ead967ad9cdc,c138d1da-0e95-4b1d-9c98-b21502a8c088,2025-01-01,6070,359,26
5db15716-6c16-4e22-a4b0-3e8ab0316f59,46ff9460-ea3e-476e-901d-60b99bc57c8b,2025-01-01,400,37,7
a9948fd8-a6b4-4bc9-aea6-d8fe36017241,ce298cde-fbea-4556-a9ad-f0613a0498c9,2025-01-01,458,280,44
361c8e51-245a-4605-809c-8b42dc059298,9d92b773-a7c2-4ac0-a4e1-f47b1fa9ef34,2025-01-01,1751,267,96
09582d18-c43a-40b0-90f9-d7ef3bd7ad57,700e87b4-636b-4da4-983f-83e953520011,2025-01-01,1839,594,5
64607b04-4abd-4c3e-87e8-6fa6914b5f47,925e4e39-2570-4d67-8183-df75e352d89f,2025-01-01,9760,289,33
cca693dc-d20d-4de3-947e-280d5fd9739a,71f0bb53-71f3-44c3-9902-cd19d4a637b3,2025-01-01,2748,740,27
bd867972-9197-437c-8bc5-c5f7bdad3a6c,5f238014-5ed1-4fd3-bbf3-6c2a96aba666,2025-01-01,4769,645,52
a1ab7ee7-5400-4f11-b385-f0cd6ee2b65e,5a3b88de-39ca-471a-b1db-cc36b99fc1e7,2025-01-01,5199,617,1
47b7efaa-6a0b-420b-824b-9ded52f9ecd1,fcf38d06-c07c-4cb6-bc81-55c823bc86cf,2025-01-01,7329,974,19
f537a1aa-8078-4c5f-bab3-b01e718a7b17,04805723-e858-4e79-a23f-c9b482b429b0,2025-01-01,1568,297,97
1d6d5c95-1a1a-45d5-a52e-a5ffba8d8820,dd134d12-fd9d-480d-801e-bd4d9938ceeb,2025-01-01,5423,545,32
6600797f-0bca-4fd2-873e-5404687672e0,aea279a9-7151-46e6-8796-d3042d766054,2025-01-01,1696,993,70
c2e45b67-0f4a-41b2-87a3-1ef12643a48d,3564f8a0-5021-4c80-808e-26dd1021c174,2025-01-01,9156,320,66
f35a5095-6850-4168-a23b-1fc00bcd7e71,65e69ff4-0a19-4c0b-9667-e14316502d2f,2025-01-01,1361,992,35
a84327cb-21be-4cb6-8094-71f0bed6f590,83213ec8-1b45-4bf9-9a5f-22b868d3dec5,2025-01-01,2365,886,15
599ec2c2-5c0d-4481-9e51-c1ede863efc3,c59dd9af-88a7-4423-840d-775d19ec1f18,2025-01-01,4520,913,0
73a1c7dd-05b2-447c-8b96-3526ed37c185,90d95bcc-4175-4953-b8a1-f16c17af0669,2025-01-01,8781,570,60
756585ec-861e-4c0c-8378-397ab97ba988,14577fd9-f7c2-49d0-ae35-a723cd95f2c5,2025-01-01,4998,378,30
49bc83f3-5a82-4aeb-be20-723095e219ec,9a863734-e786-47b1-82c2-f976cbc54db3,2025-01-01,9454,75,86
d9d44cf9-cdc5-4ea1-b2df-01a3e20676dd,74194351-3a95-4980-aa56-b10603c28495,2025-01-01,1986,822,42
37801682-a8c4-4e78-a347-d8a62dfa7351,c20121ee-13c1-4273-92c4-1191f0fd29f8,2025-01-01,5172,167,36
db514141-6083-47c4-80df-b6ad7b148955,b27cccff-4b45-41ab-a81a-8f43732f0abb,2025-01-01,4167,285,38
ab180ecd-3263-4b27-97b9-a0c786ad6dca,a1077de8-df92-4642-a83b-68d369342932,2025-01-01,1492,667,92
55548330-163d-4530-8c78-ae140f029ee3,c4369e95-3415-4b39-a50f-88f88c28d303,2025-01-01,8955,303,67
2b5f83d6-b53d-486c-b949-cfba024f626c,0577c43a-1b91-44dd-b531-e2adafa9ac8f,2025-01-01,1741,6,15
26351448-2d8a-46f3-9969-822690957883,51d2a450-c9f9-4ad8-a9b4-81ae29bb4457,2025-01-01,9524,169,21
14701863-98e3-4ff2-97eb-54a680aa774c,6f461e7d-3dfa-4935-9af3-03fb184f779a,2025-01-01,6618,209,25
17d3c219-f339-47ef-bc08-d59b9c4c9b2f,d497d322-c78b-4c46-a63e-4e684172f1dc,2025-01-01,2151,490,96
18eb3727-ce08-4d8b-b9f5-bac7bba08b1e,c816e109-cb99-496e-8e5f-e40a4db7baae,2025-01-01,4975,28,93
fbc64704-f2f0-4381-95f8-7d315139404c,47101d29-9f8a-4854-89f7-644e3308776e,2025-01-01,6286,886,3
9ffe16fb-7028-4d36-9953-27a3167dee7f,0577c43a-1b91-44dd-b531-e2adafa9ac8f,2025-01-01,7461,750,57
81242914-0d1a-410d-ba9a-7e5a5313b002,092693fb-f812-4cf9-abb6-d68bba79a48a,2025-01-01,9019,213,5
cabd9582-2f34-4ee4-a9c5-2717826a9b29,daf72a1f-2a87-4cd3-977f-b444ccd0ba10,2025-01-01,9311,192,33
ac9ba486-7585-447f-bd21-a414a70409a4,6933f6ad-872c-43a3-893a-83901482d707,2025-01-01,2046,294,84
5d7c2ee5-0f02-4a37-87c8-6460a63381b7,fbefe019-9c0a-4072-9db1-5593b33d171c,2025-01-01,6303,459,8
9fedda96-5155-4b2e-a687-4c03bebfe63c,59d9957d-e20b-4305-839f-6f25486487f9,2025-01-01,1822,127,66
1df4c7fb-47a5-41a7-b74e-d723cc408d51,9c2b07fa-89aa-4108-b98b-e0a58c297344,2025-01-01,8405,103,68
e8ab4139-4caa-4cdb-afb9-60903e2346b8,83259178-8572-44a1-8b35-8a59f1bc8196,2025-01-01,9625,806,50
c336046d-35e0-4331-9bd1-e10347a3f5bc,d939b7bb-e3f5-496d-a1f1-639eb6d87668,2025-01-01,6859,677,5
fabe6ca3-c9b9-458b-a2f9-3a441f76e1ef,dd134d12-fd9d-480d-801e-bd4d9938ceeb,2025-01-01,4820,835,23
64fc695a-3d30-4785-846a-09ec2fac9fc4,4be52281-a2b4-40b8-8d3f-7a3915b6e430,2025-01-01,8391,606,39
d7fd112b-7a65-4762-a964-66405fde01bb,65e69ff4-0a19-4c0b-9667-e14316502d2f,2025-01-01,2191,416,55
b2efead8-2518-4150-b37d-0f0e0535df30,4e8d44bc-2909-44c3-9cde-7e5fb16d4716,2025-01-01,2393,529,17
b83cbf8c-1651-477d-8eef-e90986417a58,8b894b28-855a-4271-bf5c-69733cb58b28,2025-01-01,5098,419,81
55e7d90a-e0ff-4b8a-b8d3-6818e5c89acb,20d88bd7-80f7-48b8-9b14-22269082d529,2025-01-01,6280,593,39
f4977605-22a9-4868-bb9f-50b36085b3a9,ec61108d-9ec1-4141-93a9-7fd4f02b0db2,2025-01-01,1415,138,99
8c6eb939-2b45-4575-b160-8c44beb3d5a5,fbefe019-9c0a-4072-9db1-5593b33d171c,2025-01-01,2344,261,4
13332a75-fdd4-49c1-ad91-e21b8a797192,dbaa4dd7-25ca-4439-95a0-fa0d42021e80,2025-01-01,7296,387,99
b1cc0274-1c56-4b95-9a15-23cb64cb17e5,c20121ee-13c1-4273-92c4-1191f0fd29f8,2025-01-01,4082,195,96
6fc83691-8f05-493d-a46f-40ee344f72aa,4be52281-a2b4-40b8-8d3f-7a3915b6e430,2025-01-01,1537,999,22
4478472a-9436-4732-945d-64680cbccefe,d8646a76-087a-4b11-8307-6eea30c07d23,2025-01-01,9145,161,81
8593117c-7ae5-40f2-a3f5-60965f038a60,5ac3165a-6bdb-4cae-9290-f03bbd5ae0da,2025-01-01,9254,186,73
d26294bd-49fd-45b7-be56-8d88dbb08cc7,03ade0cb-ec91-4123-abf7-2f65e7f4427a,2025-01-01,7131,144,9
84b2c56a-bd8d-4494-b6fd-3b5fe5451904,6e05649a-837c-4931-a52f-f32b332c686e,2025-01-01,9211,785,33
5bed7d06-e88b-4643-88b2-af729db23fcf,f0275ea1-50e9-46b2-8fee-ff9229a839d4,2025-01-01,9335,341,67
d3f224e9-6596-41af-94f1-b263b4b64be5,9e15e58b-7b78-409f-8b0a-989f5d350967,2025-01-01,7612,890,89
d09f7e2e-de47-4c00-bfcf-36cd89445793,a488eca7-6c54-465c-9d1c-9f9aaa02cc40,2025-01-01,1669,894,95
60037194-dd03-44d0-b4c9-cc0c33f6c408,4ebfa145-64e3-47f5-b868-6ef4a5abc2d7,2025-01-01,6794,278,36
3ea1f701-3dd1-4b5b-bbd9-a3fc6b679e58,245913f9-5585-4701-98cf-df701462ae70,2025-01-01,7199,478,29
7964bd91-4d6b-4ab8-bbf9-71f048c69a85,4d5c6142-fe51-4b83-9ffe-6ca3b11a723e,2025-01-01,1989,433,45
6725d18b-cff7-4beb-be57-78009b85aa60,79215c75-5239-47cc-ac96-8cfc8f0c02b1,2025-01-01,2576,150,4
3c45fcb9-fc4f-4081-9ae1-3cf25a714db4,585eabe0-e19b-4ac5-b64c-109926e48219,2025-01-01,2258,989,24
cde721c1-019b-4876-b828-c680493b2d56,1803360f-9744-4fb7-ae36-f68dae3ac544,2025-01-01,6551,652,33
576eb4dd-5fd1-4bab-993e-e306328a4377,4a129a3b-52e3-4698-90fa-fe00c7dacdfe,2025-01-01,6811,589,45
1ef445a3-cf69-4501-95f7-1c158174ab63,4fbc6070-0799-425d-a4bf-71a324c9848e,2025-01-01,9885,496,20
c3f26bfe-e28b-433a-8d23-cc709e7a0d1c,f0fcbf1d-ff6f-4414-b9bc-5acb6f8e4159,2025-01-01,1665,60,33
3b57f35e-a3dc-4e6c-8d45-4bd6f83c49f9,c7f24534-0160-48b2-a8f7-967e540c6424,2025-01-01,3881,881,98
0f4cdeb0-639d-407d-b9e3-85af8f0528d7,b5a3af35-f0dc-4f56-93fb-9cdbd597dc68,2025-01-01,8223,826,61
831cff89-e2cf-4245-9731-df8eb3477000,7eacb4ed-7d9a-4830-aadb-4466b1ce846e,2025-01-01,7665,961,33
77ecfe51-6253-488c-994e-234ee7e825be,3e019f68-e128-483c-a99a-cd876c7e9e9c,2025-01-01,7496,872,69
88903f18-8a23-4d7c-b699-fd24bc11d6c5,c9a095ba-7910-4ca3-ad92-0deb05746b84,2025-01-01,14,365,97
f42850e3-6fa1-4bd3-8d51-ac37f40c88fc,7b66b96a-2fe7-49a4-a693-2f8c9015efe1,2025-01-01,8880,905,39
40e898eb-09f1-4c75-a2d8-b099bc8eb260,d5a6fd42-89c8-4ba0-8785-520c7d6ed022,2025-01-01,892,426,11
d0cca755-49a4-4497-a9d6-b77e6ee2bbb1,45041e05-cb56-4cf2-a678-5f1a0f86e24c,2025-01-01,1981,975,68
d9ccd7a2-2919-4f78-975f-67e508bab189,df77ba8e-1aa7-4385-8d09-f1da8b879213,2025-01-01,1014,160,45
6b8bfc22-969e-4888-8d7c-e639feae4e1e,8d5edca6-a871-4517-ab05-3516d5f08ba7,2025-01-01,9812,924,38
7a286471-f15f-47e4-a71d-947022876d70,def20167-9b54-4269-a2db-0cc0b3c4791f,2025-01-01,5496,156,93
21c8df77-8b7c-4657-b82c-21feee8f58be,c8e77a06-25d9-41ac-b889-2c764930d5da,2025-01-01,7539,323,20
73782d55-dcff-4406-a907-c71d4544267f,11833a25-03d4-470f-8327-9dd93f76fb72,2025-01-01,8937,129,89
1bda2e5a-6667-44ab-9dbc-aa6b0e004bb5,74192831-ced4-4c7c-98a6-f67de683f798,2025-01-01,4477,442,38
87c7fe72-3a71-4567-a0a4-971eac890976,5ac3165a-6bdb-4cae-9290-f03bbd5ae0da,2025-01-01,2593,94,24
107cc64b-78c4-46ed-a556-5cc4f9c2495b,d736cf4e-bf76-4cc3-996c-8db1de150ed5,2025-01-01,8553,357,47
8854743a-c6e4-41cb-ae0a-4720b44902bc,f8231252-2816-418c-b529-3026cb46c3bb,2025-01-01,5663,959,60
aa97435c-2a02-45e1-a7d2-54330d8d47d2,dba59fee-6dfc-47cd-87f6-b6d7092510fc,2025-01-01,1795,113,37
da8c29fb-d4ca-46b8-a921-fbbbb64657a7,7dd03376-37bc-4d80-a926-9e31ebf3e9f7,2025-01-01,4414,887,61
747b81a1-a6f9-4d51-862e-98f84892f1d0,faffe3ac-b12f-4c9b-879f-4e39d9e373fc,2025-01-01,1968,149,45
ddd689ce-b4d0-4549-b537-55d57d2090b2,3564f8a0-5021-4c80-808e-26dd1021c174,2025-01-01,8095,76,91
49ca93d1-b42f-467e-b21f-87a592ec8720,26921614-bf90-4270-b70c-485fa0648b69,2025-01-01,2492,68,1
b8305b4b-bf75-48e2-98d5-f8f82861de14,11dafb6b-3ed6-4e54-ab21-9b1183a4b9f7,2025-01-01,2805,602,73
b382b42f-1bb9-4527-81ab-92f6bd13620e,25d097ed-131f-45c2-9a43-62595431f115,2025-01-01,103,895,51
525d62ed-8aa8-4400-b87d-dd00350ad9e3,9d92b773-a7c2-4ac0-a4e1-f47b1fa9ef34,2025-01-01,4999,229,80
4477191b-3e45-4c69-9807-109306c56923,cac82456-4256-44a5-873d-fdd0b2bdc230,2025-01-01,2506,489,69
fce02715-9947-4e79-9b62-5ad9a003eeda,2a607cfc-7f84-4403-9b35-a7b586f7d726,2025-01-01,6251,479,96
7a5b9f59-9608-4052-98d3-5ac453fc1ddf,8530914e-b31d-4774-a9bb-a153e6e29136,2025-01-01,524,233,30
2a279667-e1e7-45e1-aec7-51ff778f623e,4112230d-5d96-4805-b0a3-afcd870b551a,2025-01-01,9881,609,69
ecb16b90-ae1a-4ee9-baca-ebb41fe41ff2,25155412-0b65-45f9-82ff-e8ceb45172a0,2025-01-01,9815,952,38
750fb331-a2ba-4470-859f-427b6488299c,b29586c8-2162-46b9-9d98-124ef8edd527,2025-01-01,8382,276,15
1342a13e-0f0e-4a6f-84d6-1487fe30e553,d0f95245-968d-495e-a740-e0632f5f234a,2025-01-01,6290,805,40
f7f8a5f0-7c92-40e0-a566-3b628bff2fb5,08bb6921-998c-4b72-b416-d340b1556bbd,2025-01-01,9847,740,35
c6bd6969-6ff0-4902-a76b-ad93df56ac5d,fbefe019-9c0a-4072-9db1-5593b33d171c,2025-01-01,4157,398,16
19029e89-ce55-4bd5-8564-f2686ac46bae,082c6509-ae70-4c6e-9c75-9ce3f083f581,2025-01-01,52,792,84
71860200-e6d1-4810-9993-09da715278aa,3ef58dbe-e1f0-4c55-9300-33d90807c18d,2025-01-01,7738,507,51
aaccff8f-05bb-49ec-beb4-8b60e4a8050d,8eea5949-c173-4644-8bca-f1abefc81795,2025-01-01,6105,370,33
34da2786-0c93-4f1d-a53a-b76284685c74,dce31788-33cd-4f6b-81f7-b654dfe1749b,2025-01-01,8367,837,57
4b3b3192-c76a-4c20-bf39-761da13de2cb,d02e0b75-bd26-497e-a63b-3506752fb01d,2025-01-01,736,594,81
0882e906-a105-4f0e-aaa9-58954e87480f,f3225be3-5b85-49f6-9783-c67f82126202,2025-01-01,2110,38,67
7a7a9f66-8d5e-4ff6-a7dd-b1e18727bc28,8b894b28-855a-4271-bf5c-69733cb58b28,2025-01-01,7040,174,41
a8f4ad25-5aa9-4f5a-a7cf-530aa021f0e9,59b6bacd-aef6-4406-9bc5-136a8a793915,2025-01-01,2536,743,24
9ed0f243-7489-4172-8b54-3cdc537a4051,0c36f20d-8c39-489b-a59e-fa2d13283291,2025-01-01,8174,200,76
8e3e2ef0-8c76-4995-8e01-b22bbab0ba51,7dce6d73-edcc-4464-913c-5cba3b103e18,2025-01-01,8214,387,32
924b67c6-fb6b-4338-bdd0-917639aa11fe,aa365c5e-37f7-4c08-82f1-6863b0a67c2a,2025-01-01,1252,902,34
28fd38f6-3272-435a-90bb-d45440632ce7,b213d916-5ac9-42d6-91ba-11c5ebe43db7,2025-01-01,2690,211,90
545fd317-e1dd-45a4-949d-89f2794a58ac,37ffe8de-dca7-4b77-996f-341cbb8d340a,2025-01-01,5758,90,55
70f5afa8-3a9b-4a0e-a0a6-93743cf0f27e,1c446f84-b4d9-478d-8607-0e3eeebe3bed,2025-01-01,2989,720,9
88c97f5c-ef24-4149-add5-cc33e4729699,61746eec-2812-4b19-89ad-26b9b576776b,2025-01-01,3204,416,97
38c3de74-55f1-46bb-84b1-b8df3669a24e,22711a77-2eb9-4c75-8e15-fe0ff21f1345,2025-01-01,9045,361,98
e08f0b53-dde0-42c8-a168-442570eef2c4,6ce44609-935a-4eb1-8cff-ba4665c9761f,2025-01-01,8737,697,32
d274bd53-7176-486b-8272-ce0749253e96,dc438e54-6408-4910-bdcc-a283e1644042,2025-01-01,415,773,13
a4fbb25c-1d86-4ffc-8209-0c8279c46163,725367a2-a011-4b5d-902a-10970e6b3f95,2025-01-01,8761,622,53
463110fe-d7d0-453a-937c-2891b159b980,7f342baf-0c01-450b-bec8-67751f9d5868,2025-01-01,9932,954,28
af6d2c8a-defd-44ab-b8b3-0968d5bf82d7,c5d47363-8ce5-4291-b5fe-a929281a5eef,2025-01-01,3553,615,74
7ed1e931-8139-4ed0-96bb-52ed742b775b,d8646a76-087a-4b11-8307-6eea30c07d23,2025-01-01,2622,751,83
d30154ed-7663-417a-8c6d-8314276ccc9c,09b81fdd-8408-4930-99e8-ce26e1e093b0,2025-01-01,9085,234,41
0835e5fe-d66b-4ff3-90df-06458053366a,c64282e9-009b-40a1-9a4f-ace4ea84a043,2025-01-01,1326,12,32
8150e2e8-f886-4612-b52f-21bbe3039697,3c6960b9-94b6-43e3-8cca-28a85a22af0d,2025-01-01,5656,918,9
68b6cd59-7c12-4365-aae2-5884101f30ef,3348552d-66be-4017-97b7-a6d658e888dc,2025-01-01,7321,466,45
8e9c8cda-3550-45b7-ac32-1931e644677b,e0e8d597-c20b-4350-9e23-e545a3c5d317,2025-01-01,4770,564,82
12d9a911-fd8e-40c2-8e07-d837faa8ba60,d3df1ad0-1fa0-4bd3-9ea0-59d36db80e4f,2025-01-01,2008,314,10
1561bd5b-abba-4787-91fa-3c95635bf7ed,5572acc0-dc08-438f-97d4-ba9393ca3700,2025-01-01,3426,199,68
c88442f2-130a-4732-8c19-3f096c8e214f,d6716325-d336-4dcd-8758-6f11449f8c60,2025-01-01,9148,910,63
b659c027-deaf-4b6c-ab3f-90f89e75f4e3,1c829cd4-496f-4987-8a54-917438aaf301,2025-01-01,5741,373,52
f5caeaf2-5053-4cf6-8ce5-edd7d319fa80,20e7d7f8-7968-4885-881f-edc34502bad1,2025-01-01,2842,543,6
0adefb4b-f811-4c1d-8cee-2cee6f5ddffe,fcf38d06-c07c-4cb6-bc81-55c823bc86cf,2025-01-01,1465,60,40
be3ccdd5-4843-40b6-86b5-92371183a5b9,c20121ee-13c1-4273-92c4-1191f0fd29f8,2025-01-01,6474,401,50
61a3edaf-c864-4019-8726-d9b2defdc181,6b5007fc-9882-4826-8339-7d96acc84618,2025-01-01,7383,359,79
625790e3-384c-4b5f-bcb3-1ea3366fd706,1c4fd3ac-1220-4a3b-9c46-5c66e10385b4,2025-01-01,4785,46,36
8aec5c48-4368-4e79-b185-c8f8754e6c3a,ee581dbb-24ee-4d3e-85b6-84ea99bab70e,2025-01-01,1926,243,27
8fe76f13-17c6-49f7-a5b9-6e73c5bbb14e,60523e68-4a9f-4e8c-98a6-42f0fddc974c,2025-01-01,4939,377,1
96e48f66-3d89-4428-94fe-963a081faeb6,93d91e58-ef3c-4566-8c45-f9171dfeb4e9,2025-01-01,8499,368,33
362edebe-c745-4158-be0d-32c41f36f5ae,fe844fd1-ed65-4a2a-8044-63769a52a973,2025-01-01,7372,342,63
97bb87f7-81cd-4dcd-85b6-926aa74a52e7,d5a6fd42-89c8-4ba0-8785-520c7d6ed022,2025-01-01,6157,911,56
faa16ecf-5045-4db1-984a-34f8c4aec2ce,4abd7bef-9156-4547-b0f5-90dc49b12e37,2025-01-01,2098,952,51
55065b47-28e7-4c51-852e-8d54b0b694a7,df40d48e-b893-4e1a-8a12-8ec544d3907c,2025-01-01,9518,287,73
5d7719d9-53db-4555-ae0d-5ad6fde780c2,b5cc4593-58c5-4acd-a355-253f2fe06d1a,2025-01-01,3251,316,8
a2fefcc8-b874-476e-9cc2-369f262d9892,d249c665-0a40-4035-a980-9e6c94274587,2025-01-01,4210,623,80
ddab39c7-e59e-4d7a-83a8-93636e69603b,0134746b-638b-4522-a0c2-f1b2efb9e162,2025-01-01,8015,412,23
6566db97-ff27-496b-9382-79d7ca34e12c,d1630440-b72c-487e-b308-d3b36cfa2bf5,2025-01-01,4354,242,27
d7b91555-4641-4478-a22a-e15ad868c88d,def20167-9b54-4269-a2db-0cc0b3c4791f,2025-01-01,2818,782,82
3bab8f6a-058a-4093-9958-ec238361915d,9893486e-2b99-43db-98c3-9b93035783c9,2025-01-01,5466,487,27
6ca89a1f-7bd0-439b-a1e9-877b5900a3f8,5c01b760-cf2f-4d3c-ab00-6aa23aea2d17,2025-01-01,9073,888,47
eb9ca8aa-3f2a-4a24-b2fe-0f1c385a18da,633b8412-4f4d-427c-967a-1514d6d6dd43,2025-01-01,6721,749,66
60b6f92b-52e4-42f1-a17f-795d7cd71285,8bdef72f-e5f8-47b1-8b4e-bf2c6fca9aaa,2025-01-01,6888,400,11
67ee24a2-bc12-419e-9d72-c727f391d5c1,daf72a1f-2a87-4cd3-977f-b444ccd0ba10,2025-01-01,6359,557,86
612e1257-9e30-479b-b2a9-bb3dc10c268e,11b3b473-efea-4bc2-ac5a-61ae242b8f1e,2025-01-01,4533,309,17
c8326200-ba12-44d6-b882-eb47e37fc454,fed482be-3180-47b2-b502-37a732b8f2f4,2025-01-01,265,165,52
0abc90df-b0ce-4900-8d89-80c9b4e4f6d6,6c3cbc77-3ea6-4bb0-b038-10bad28721e9,2025-01-01,5300,323,43
2eb57635-9986-489c-a724-23913dc9e027,ae97aeae-1c46-4494-9eef-6e40cbc9dbc8,2025-01-01,2048,469,26
a2490087-4342-43fe-bf84-abe5e3df83f4,f1aa9f29-a46e-4026-81e0-28b28e5925c2,2025-01-01,9297,675,33
c39d4753-fc62-4142-a52f-277497f7df3c,38062937-2622-4f79-b9cd-4a13e36959ba,2025-01-01,4865,420,87
d239fb7e-5579-44e4-873c-bc248f1dfed5,b6e129af-fb1d-4839-b1a4-568a5ec2ffe5,2025-01-01,2224,734,19
fc199939-bb8e-4e63-b73e-985029719fad,32f74677-10a9-4b21-b1d4-089940e51015,2025-01-01,1948,825,69
a3eec7d9-e866-45ee-8327-8db45972972c,19f63e70-112a-43c4-aaa8-36e7cff1f1b8,2025-01-01,7763,395,60
8cab5949-7ffb-4afc-8953-8e91b45082ba,68f0b75b-9662-42e4-be27-263a20e6e634,2025-01-01,7604,546,41
975c0db5-7c93-49b6-8ece-a9695b0c3dbc,74211683-c293-40da-a90b-79624720ee03,2025-01-01,1223,424,56
ec364462-9bc9-4b3e-966c-b3279f680998,71f0bb53-71f3-44c3-9902-cd19d4a637b3,2025-01-01,6098,902,13
c91f7ec3-33cc-470c-a6a9-ef2c92d657c6,de63c03b-8f66-42b4-951a-4b8a4d0651df,2025-01-01,4278,682,26
5cb4df2e-126f-440d-98fb-a93ff0eee26e,c9a095ba-7910-4ca3-ad92-0deb05746b84,2025-01-01,9259,785,68
d51077ab-f083-4586-8efc-e7473452bb52,7cb8a350-704c-4842-8013-7c1c4a75cba1,2025-01-01,6496,904,22
5458426a-753e-4ac2-a814-d1872e89ced7,5abb10ea-dfa6-4355-b73b-67254031e567,2025-01-01,6295,787,72
4223e83c-c760-4712-9cd2-54e77a54ed67,0ed69dbf-4e92-42b7-9c4c-cfc8eea97536,2025-01-01,3744,789,96
e84b7d4a-f3b5-4c9b-9b59-63c46edc56b1,f02b4656-c319-457b-9229-cba38b0d2a0d,2025-01-01,9096,453,36
d042098d-3948-4fb7-a77d-acbf49902159,e04d7da5-ffd5-45bb-a91f-59aa7dd44b41,2025-01-01,3461,577,6
50935dc8-c1d5-43e4-943b-e6bda5b348a7,de8a7fd4-352e-40d8-a256-4734c0254241,2025-01-01,8056,199,37
838a6780-a4c2-4e68-8e02-cff2ca2abbfd,ef874a57-55a9-4337-b271-7f133a21460b,2025-01-01,8759,797,49
b5c0fff9-6d43-41f6-8829-648f4cdb23c0,c83b141d-abc5-48c0-9c5e-6dc0abd90fd3,2025-01-01,8184,890,37
5f1aaa2d-17b2-41a5-afd9-b41c265e9228,68ec07ff-c21f-4b44-b55f-69f5f05caaf7,2025-01-01,3053,790,80
b04a5e4c-fd37-48ac-9a6e-d6bd7d8e926a,cad2ccab-065d-41f6-9ebb-c81f314cc821,2025-01-01,8878,630,57
0c6192cc-79fb-440e-9176-ed820f1f3673,14ee6daa-6c9c-4ee8-99d3-9651daa1bcfa,2025-01-01,6660,426,20
f0d8540b-896e-48bf-a324-62568d2c2949,b681985d-bbf2-419d-a08c-ef27c3ab46e6,2025-01-01,5533,283,86
1bf37100-0927-422a-aef0-e7930b2fc879,3e754450-a85b-4012-86c1-8b26f5343775,2025-01-01,8126,104,57
4636b24e-2486-455b-9117-710225fc373e,f1ee6f08-2ce6-4954-a618-bb73e83c766f,2025-01-01,7023,631,39
abfe7069-6eed-449f-92a9-b833ce10a218,19a7022c-34d0-4cb2-a560-a7679e0cf1e3,2025-01-01,3300,892,91
604f417c-c2e9-4955-8d76-101af3aa0487,f31ab9f8-0319-4e15-ae07-c64c9bad89e0,2025-01-01,2099,641,73
3cdd748e-548a-4b71-9633-146cadfb47b4,19f3618e-ad78-41ee-882f-92a9a4cfeff5,2025-01-01,9988,332,91
fc9a9cc9-4007-49f9-89b2-40250b5fcbc8,5e548f89-e441-4047-a424-d5fd15c82bb3,2025-01-01,6554,477,93
f61da1c5-d8b2-4cdf-b821-7c70baf40daf,60981466-d21e-4d15-9ac5-4c41fc2fc8bb,2025-01-01,9867,338,35
b266ba2b-7921-4978-a67f-d26b6e516734,44dfe01c-4d46-44fa-841a-f7d5a260872d,2025-01-01,9317,313,92
deab029c-1ebf-4d06-93a9-1ce6962145c9,83cf0997-f638-487d-b050-9aacf287b492,2025-01-01,2581,984,39
f6373754-321d-46d2-974a-9fbd32c6627c,4123be98-6486-4ec9-ae31-fdf4b0b3ad8e,2025-01-01,2381,704,11
6e125a2b-b0f4-4a6b-8a89-1b685e4f1802,f001db63-1cd3-4d9b-b47c-18ae3deeaf2b,2025-01-01,8969,509,5
11c0abb6-232a-4e4e-93da-3f3c0ac1ca5e,6a8a51b8-1b06-490f-a3d3-746a9a49a7bb,2025-01-01,914,0,24
c9e163a7-2cc3-4900-87cf-2ecad39a9287,ae881c04-4282-4da7-80da-a384248fed1a,2025-01-01,5492,409,27
561fac97-798b-441e-a2ef-0fd867e5b16f,082c6509-ae70-4c6e-9c75-9ce3f083f581,2025-01-01,4459,38,0
5f6e3acb-2895-4a03-b7f0-83afe06775f7,d70e624e-6038-4d2f-b068-afca913e98a6,2025-01-01,4667,890,76
a6ce97ec-9956-45b3-b713-d0d84ce60a28,c99524fc-50a4-4dbf-a8ea-355ffe82de86,2025-01-01,3406,588,40
5d129ec9-e372-4e83-86a2-15d40efaf3c3,ae7392fb-cafc-4fe5-a527-c7a102cb9d0b,2025-01-01,0,824,47
fa37f3b7-d5be-42de-a4c8-d80205b5645a,0134746b-638b-4522-a0c2-f1b2efb9e162,2025-01-01,4764,475,13
f1081787-8271-4495-bafd-114844d0c137,e0e8d597-c20b-4350-9e23-e545a3c5d317,2025-01-01,3911,65,7
6168eaa9-8487-4f54-bda8-4568e8f4256f,937a469a-00bc-431d-8ebf-b339a36560cf,2025-01-01,9978,357,15
76d05474-9da3-44ad-a3bd-a82dd898019a,993fa60b-ecaf-464f-a754-8194c2e75847,2025-01-01,3361,721,24
3190f685-221a-4c0f-9699-f2ae2968b8f5,9209b661-e487-439d-b3ec-48ff378f18ca,2025-01-01,1540,944,87
d8f01bdc-6559-4dd8-96a1-41711c77eaab,9364d83f-2805-4628-9966-82f3b164c2d9,2025-01-01,3359,779,35
bd65c7b3-7eaa-4864-ab35-8de2839d5f6f,1dad9f63-053b-42e1-8b62-7f4281af6a20,2025-01-01,4365,813,65
f54f51c1-acb9-4396-8ad0-3d9363096c1b,ff9bdc7d-fde8-4635-a4bd-2df2ab74fa95,2025-01-01,1156,243,41
89a97b54-834b-43f5-8953-6610660c14d9,bd135e2a-90ae-4a32-8324-271a5fa4a80b,2025-01-01,3275,371,40
dd18f2b2-34bb-4944-9e52-761e25882746,ebcac167-a798-4723-b315-411712190147,2025-01-01,8917,990,37
aa75ec1c-9102-4bcd-bc58-d84492e0d7b0,d497d322-c78b-4c46-a63e-4e684172f1dc,2025-01-01,9315,768,90
09dc822c-d68b-46c5-a1e1-05f3d2d9078f,43b68325-b0fb-4837-8e97-e249f69cf0eb,2025-01-01,2510,365,39
8aba8bf5-371e-4654-87ca-615fcbe1e97a,70760b87-4073-442d-9a9d-d030840ed0a4,2025-01-01,1216,929,51
3840c058-68d3-4991-b3e5-a003d13aa3d9,595136ac-51d2-4f2b-bed2-654ed41dcaf4,2025-01-01,6014,254,99
36b2b28b-d284-45fd-9f48-cfd82914625a,f42ef134-9ad9-4292-92cd-aff7160a422a,2025-01-01,5960,613,65
22f8cd12-fc13-4a49-a75f-0513abb3e15a,3fdab2e9-d2ce-4630-951c-25d54391236c,2025-01-01,1418,510,43
16c20c4f-d2f2-443c-b94c-27946d6faebb,5e04304f-d8f3-4ad1-9c46-0b15cc661d69,2025-01-01,3141,769,63
bacd7813-be69-4743-9c83-51f0bdf0f67f,47101d29-9f8a-4854-89f7-644e3308776e,2025-01-01,9551,754,13
f61d8e38-659b-4963-9eaa-c9e1b89a4dcb,bbf6d8a0-d53a-49b0-acc9-298981347a7c,2025-01-01,8644,175,14
6b4653b2-1f65-46ac-adc1-bcf5482c95d5,61746eec-2812-4b19-89ad-26b9b576776b,2025-01-01,3514,400,91
86b3f76a-af33-4898-830c-28c047ed76f4,02aee259-05c2-4832-9328-20d5a1d7a9b6,2025-01-01,5829,931,64
645f432f-3727-4c7c-9dbf-8ea968ba3271,d249c665-0a40-4035-a980-9e6c94274587,2025-01-01,5460,870,24
7550af2e-1eab-4ff4-93cb-bbcad13c8f43,08618bc7-6318-43b3-bfbb-43ea1a5cc8f8,2025-01-01,9068,477,57
5a0fee77-6ee6-4bc4-9d61-d2af691a5844,6d9c0f57-7c6f-4077-a5a6-2ca62f76d52c,2025-01-01,9538,201,85
85a39b71-c30e-4171-ae37-c7e5c44cb5a3,def20167-9b54-4269-a2db-0cc0b3c4791f,2025-01-01,6974,52,57
e31d519f-deb0-487f-8c4c-7e945dc984a7,a750a23b-85b6-43c4-9566-09e84e918886,2025-01-01,6622,587,30
6b8bc441-a5fc-406a-bcff-18611ff988c8,01c3acaa-ecbb-46a7-a973-e4077883dd2c,2025-01-01,371,589,51
0d4d7b3b-de4d-48a5-9ed4-5056a6fc986c,30eaa864-8eec-4879-bc1e-85c6d061d283,2025-01-01,2801,122,82
c38a584a-f75c-4501-be8b-6a8749b17f2b,a2c0da26-d588-4058-ad2b-1d0c5efa609d,2025-01-01,8081,322,91
95c64995-5f12-468c-93c6-58ccad3e98f6,8bdef72f-e5f8-47b1-8b4e-bf2c6fca9aaa,2025-01-01,4833,75,6
fcdebfa6-ded1-4672-b092-9d938f054e3e,65e69ff4-0a19-4c0b-9667-e14316502d2f,2025-01-01,2237,676,26
cbd8f62f-70f2-4c64-a234-c26b43f3d90b,58819b5d-bc83-48b5-aa7f-98954fcbf8b0,2025-01-01,138,321,26
6bfb79f8-4982-49e8-a173-4b5c1455b3cd,2097ddfc-ce5f-40ad-8520-3a411625e753,2025-01-01,9158,176,63
da899da5-2b87-4213-934c-88411642f6b2,c76195c0-a94c-452c-a298-54cc54137bbf,2025-01-01,2643,825,53
faa57544-1edc-4b36-8fa9-621860e6df86,c4ca937f-8420-4125-838b-31e1d9a98620,2025-01-01,3916,251,26
0b75856b-8d56-4de0-9727-9226e49e06a8,183cba41-aefa-4edb-822a-a66bcc819102,2025-01-01,8167,151,36
77eb498f-9389-4349-bc20-4edf7dcebf05,371f9607-9471-4798-b876-2476bd09f443,2025-01-01,2295,465,12
adc1d787-ce53-4e59-b278-c8f169b52060,6bbfc12e-5e78-46f6-8766-a0cf3eebd41e,2025-01-01,9522,678,82
c5a342af-dcda-4c5c-b0bb-af2a863cb488,d8646a76-087a-4b11-8307-6eea30c07d23,2025-01-01,5498,946,7
17d44079-ce78-4d54-b1c7-ef603ca56971,5689cb45-468f-4698-9ae2-3ad399b230a2,2025-01-01,4806,454,66
9651d699-5178-44f2-9f6a-aa93dd1db29b,ce298cde-fbea-4556-a9ad-f0613a0498c9,2025-01-01,8439,255,85
ccf80413-072d-41cf-bc06-6bee801efed0,ec6e9df7-5112-4610-abab-954efc0d8cf2,2025-01-01,8259,275,28
d39d503f-5a6a-4c42-b05b-983f85b208ea,6de44ff4-1573-4c85-8366-cfcc5de9fe1f,2025-01-01,7109,386,24
6fe3fa7e-bf91-43bf-9e5d-2883fd4e4a93,74708ee0-7548-414b-8860-d313397486a5,2025-01-01,6018,968,44
9700e885-93ab-45bf-895a-912ce22bae0c,c8e77a06-25d9-41ac-b889-2c764930d5da,2025-01-01,5312,295,84
35eb100a-986b-4b28-a723-1c18566a82e6,dcd41bd6-bc45-4f45-8784-d6adc96c417d,2025-01-01,6327,93,26
ced02f0c-f612-46e7-85b8-0ad66f86c797,7745203c-0ea9-4605-b66a-52fb2479d3f8,2025-01-01,4537,183,97
26994cfc-ef0f-449d-82db-dd37798fc1f9,af1d126a-54a4-490a-b8ea-423b46310f81,2025-01-01,1624,7,13
d297723f-e70f-465e-b154-96f0dbb1429a,dc625079-99ca-4d02-8e0b-659a70747a37,2025-01-01,1056,183,88
1df18c9c-fc59-48fa-a415-91e9ee9c18c1,f6d350d2-b417-4ef0-b8a9-895383981043,2025-01-01,943,718,31
d0de0bfe-1492-469c-9ffc-0f27f18b7220,a5a70f42-c5b6-4ec5-bf71-90ee14d5b085,2025-01-01,4958,519,3
cc68cc7e-0601-4a36-b9ca-eb47fab7b5a0,d965389f-267f-41f4-b285-1b4ffcab7e4f,2025-01-01,646,937,39
687d2835-af5c-4e1e-9e06-bca12fbacef2,6e94f0bf-6e32-4f8e-a657-e6c13e52fb18,2025-01-01,2953,539,56
d890f2ff-6af1-4bf2-be2b-eff999d1abe6,f6d350d2-b417-4ef0-b8a9-895383981043,2025-01-01,8815,770,32
807666b9-44fa-4ef3-bf7d-dda77f2b497c,419dc9bc-94c2-49a1-bc35-94027982218f,2025-01-01,9358,789,63
ce1b6318-33b6-475e-9fba-9bfc1dfe8645,8e2eee20-eb49-4f85-b050-134083317659,2025-01-01,830,204,49
c79ce6b9-9155-486d-8e65-55119dbf44e4,3e754450-a85b-4012-86c1-8b26f5343775,2025-01-01,6635,102,41
1ee37b25-dd11-46ba-a4b7-2333f04bf665,3a078995-6415-427b-93fa-1dccfbfaf262,2025-01-01,9205,996,2
70c5934a-29c4-4fa2-98b0-08f7680d4135,0a6270c2-898f-4042-95c4-25057d3bdcb2,2025-01-01,3111,495,61
c42bb491-ec75-4326-b9bb-207de7062bd1,59277166-0596-4bd7-8aa0-b1df5aeaa255,2025-01-01,4044,597,27
8881abdc-15b3-4dd6-b046-db56f486630c,f6e60319-d6f1-4009-9cec-82d607fb5a97,2025-01-01,7545,14,16
7b3abe6f-a611-453e-8cf3-8f2d095a5b90,7923beb4-9326-47aa-b17b-3f600acee05f,2025-01-01,8492,546,84
19372103-89af-49d7-a102-3c9bce31fdeb,6e94f0bf-6e32-4f8e-a657-e6c13e52fb18,2025-01-01,6067,740,48
610c10ef-6b08-4ab8-8b13-57ef41b66b52,082e4703-ca48-45f7-bd7b-ad50c76981e8,2025-01-01,3464,886,19
8fb01151-c454-4d89-8f8d-ceb7a5a9e178,5e548f89-e441-4047-a424-d5fd15c82bb3,2025-01-01,4355,289,89
2297d284-d858-435c-9e7b-ce7b2c80b2ad,7c727ad9-4df2-4e28-93f0-aac2adbe767c,2025-01-01,3431,143,35
b57688fc-d66f-499f-be64-73e0afa7ceba,20f7475d-fd38-42a3-8ac3-6550f694889a,2025-01-01,5139,205,86
c950db12-3542-4f5b-a942-bc082b557370,c1767a32-1e84-4c61-9e44-665c2423051b,2025-01-01,8391,665,41
081f9b0d-7414-4893-ad58-a7a93078b567,c20121ee-13c1-4273-92c4-1191f0fd29f8,2025-01-01,1747,286,53
d3829a40-b042-4324-b205-ae587437c4b5,92fb63de-f6a6-45ec-a859-cdda2fb3e616,2025-01-01,9673,283,9
f1e97c19-7599-4ef2-ada5-744b526bd7b4,24912d28-ee7a-44d2-be59-37d991542b73,2025-01-01,4841,360,64
89815c5c-380e-499d-8cc7-f7f14e06d66c,7eab486f-bd6c-4902-bf89-a061a4d85fa3,2025-01-01,8828,230,52
bcf348fd-85da-4f6c-9d31-9f6e75e78ec1,b6b687b2-66cf-42d1-9cbe-3497769e5b49,2025-01-01,4499,540,99
a1fc2b23-265b-4946-9c59-a2ab9f5aa330,c33570eb-e055-4a03-8a29-49654504a19a,2025-01-01,1034,840,95
8d6bbd8c-eb57-40a0-9e24-25cb31d71130,bf9d0e48-c136-4ecf-be3e-c8b5af25d458,2025-01-01,3796,742,76
e1829100-2e34-4245-bf68-46cf261f8697,11c5d2f4-1a7d-4a15-9a0c-461d4ea14ef3,2025-01-01,2186,527,38
4a20efca-a27e-4a8b-99e4-2931953a406f,8ef09de1-2445-447b-bfe4-708fdb95e61b,2025-01-01,7183,224,95
cd9fba30-14f0-42f9-bf4f-a31a4d5e17f9,6427b23d-8cc4-49f4-a3b8-f8e277aba91e,2025-01-01,5165,768,91
4935444d-8fc4-4aa2-a676-e550a9281ab0,75f9afd0-8e79-49bb-b1ab-b3c53a973ae1,2025-01-01,6397,431,96
290bffb2-2482-4eb5-80e8-c7275469bfb9,c20121ee-13c1-4273-92c4-1191f0fd29f8,2025-01-01,1530,972,66
5e05406d-523e-4623-931d-53ecd17e4e8a,77f582a8-25ba-4e61-95a2-9aa147fa18e5,2025-01-01,2705,103,50
23ddead6-3f50-4a2e-873d-1b2c562b71ad,dce31788-33cd-4f6b-81f7-b654dfe1749b,2025-01-01,5432,330,59
bf80d44b-9a7b-49a3-94ee-298a06eb149c,7dce6d73-edcc-4464-913c-5cba3b103e18,2025-01-01,2107,955,19
fdd9f262-e645-4940-aec0-ec0d65279d83,14f56522-6e81-4066-9cfa-c98791636e4d,2025-01-01,3286,226,60
0eb0d970-65ef-4d0d-8ec4-02866c1d7558,7508a5a3-e3d0-48d5-9047-090e4f31d049,2025-01-01,9768,926,29
cbbb2b67-4e11-42d6-a4b1-9dc43f4d69a2,0577c43a-1b91-44dd-b531-e2adafa9ac8f,2025-01-01,8351,372,24
12f64b20-2225-4864-a7a3-a6f0ef6c15f9,595136ac-51d2-4f2b-bed2-654ed41dcaf4,2025-01-01,9517,409,20
67328117-7efc-4477-9775-362a6453ebce,4123be98-6486-4ec9-ae31-fdf4b0b3ad8e,2025-01-01,7861,885,33
03545abd-579d-4dd7-a763-bf24d3ae8b59,f135b887-6f46-4e92-aee0-d14ed168d0e0,2025-01-01,3944,532,22
18c336c5-a744-44b5-8c74-b4d304939535,248700cc-f353-414d-b5f2-548505a1a169,2025-01-01,8011,867,80
114373e9-119b-46db-ac83-39010fac1470,e3e00b5d-6736-469b-b889-6032612c3576,2025-01-01,7317,750,56
063825a2-22cd-4c8a-a9e9-a58a41215c45,6e94f0bf-6e32-4f8e-a657-e6c13e52fb18,2025-01-01,7980,388,17
07b3754c-c15f-4d94-84ee-9e962306ec97,70f81222-e4c8-4f93-855e-0ea68d1beaee,2025-01-01,4749,663,55
b92bfb3a-e502-4275-9263-f7c135db4e86,d8646a76-087a-4b11-8307-6eea30c07d23,2025-01-01,4260,220,92
0195f3bf-85cf-4d81-af2e-64dcc51bc569,3b89889c-dea8-4a14-97af-70b994f74c11,2025-01-01,4521,709,56
bd17c8c6-68f6-424b-a2d2-2b8aa6370e08,7eb8f151-a2d5-4e09-9e88-0afbe4703b9f,2025-01-01,6578,992,96
f7d2094b-e381-48d7-8483-2ff719d07b3a,374593fd-d769-4b71-b302-eceb0a2c209a,2025-01-01,8699,107,94
bbe0fabd-5847-4002-b185-184cc8d28d43,c3239e92-fe1b-4300-a854-8e4ab7011956,2025-01-01,2854,654,70
d78d1138-2c2f-4c74-81e8-886e709edda0,f73d52e0-3fb3-4d74-8dac-7495a8e86aec,2025-01-01,1306,112,50
cc93b230-b43d-4fb4-83f6-513991a0a7ae,349aed41-f169-4d6f-ac24-601591c2eb5d,2025-01-01,1781,640,40
049625e9-328d-45ad-824a-549455c2abb5,f4269db2-909a-444e-9d2e-7fd7463b3f0d,2025-01-01,9100,772,68
7b2a3a2b-6072-462b-92f2-e50cbcf1ed06,37ffe8de-dca7-4b77-996f-341cbb8d340a,2025-01-01,1346,782,32
a02b284f-1924-413a-895b-4f965e4c248b,3a2491fd-ab9c-4d90-a8fd-ce5f13205ed2,2025-01-01,3761,221,54
e8190311-9918-4f72-b95d-c5db8fb685e5,8d47e505-68fe-4f2e-a6aa-b5f287d5df04,2025-01-01,2685,911,27
a8379038-fd02-4952-8b62-e3ddefec5a56,77a20d91-2ee4-4bec-960a-da46fd003982,2025-01-01,8620,410,50
85c028d6-3281-4e11-945a-3b05036bc90b,2184bbcb-05f7-4255-9f6d-6aa082867726,2025-01-01,5962,427,57
a6b9754f-49dc-4bbd-9745-2e6dde82423b,dbaa4dd7-25ca-4439-95a0-fa0d42021e80,2025-01-01,8873,603,99
fd3087d0-8382-4110-ac81-85a075242b6f,3c6210b7-5f94-44c6-8732-40112697f691,2025-01-01,2528,565,17
08c45def-ac7c-4fdc-a819-44158cf8ed05,6395e7a6-2f6a-44cf-80cc-ffdc4f8ac216,2025-01-01,646,186,79
18942287-99b3-4e55-a3a7-77e58599e92f,b0cfda4c-14aa-491c-9f95-53ebe8920a02,2025-01-01,6791,249,97
928132c2-f988-45f4-8d50-56b636047cc8,79c2f3c4-3de4-49e0-aaec-700c780004a3,2025-01-01,1699,847,89
b6ce78a6-0a68-405c-977b-5df2eb16a959,6755beef-a2b5-4a54-af40-45b7d7cb5ecd,2025-01-01,8090,255,65
bdebb381-02c2-4773-99af-7cdb3a7b9b3c,0c36f20d-8c39-489b-a59e-fa2d13283291,2025-01-01,2018,716,62
d4e93b0d-b4b8-4c60-b058-c65b75cc1477,618421fe-ead1-4224-b18e-38698ced9ad5,2025-01-01,5579,225,89
0c1104f2-b7c7-4a02-9d54-b3388847097f,0181eb7f-5423-417c-937c-ab69fc3636b9,2025-01-01,1553,939,57
71c0b3a1-0b83-4fd1-b941-a51cef113750,f2510abd-bc56-462d-8393-781e97e956a5,2025-01-01,985,62,71
80fdbd14-87b7-4871-b99d-8f2869126bb1,b46b89a8-8d5f-4ccf-b488-2e85939b09be,2025-01-01,5382,312,28
af8105d3-c5a9-4c65-8f55-97702b3a38f8,46ff9460-ea3e-476e-901d-60b99bc57c8b,2025-01-01,7734,76,57
c74fda2c-2d14-4d7d-a010-67e969a28e98,c9666602-3b31-45a3-a19b-61365fe80936,2025-01-01,2460,197,44
e5ef667d-73d3-4926-8d8e-6622e77e712c,70760b87-4073-442d-9a9d-d030840ed0a4,2025-01-01,2928,412,18
f088f3e3-a08e-4060-9560-7ca405863305,148e0d7b-f04b-4900-958a-3ae911d14785,2025-01-01,9274,449,19
3d19a14b-33c8-4a3f-b255-b44f026d74d7,7ea5bc61-6fd5-47ef-83da-10617f09ed2e,2025-01-01,6908,255,36
8af6ab3c-fab6-4f33-a16d-58d807824a53,30eaa864-8eec-4879-bc1e-85c6d061d283,2025-01-01,6766,89,1
f341a73c-06d6-48df-a3b5-403b69f6f653,19f3618e-ad78-41ee-882f-92a9a4cfeff5,2025-01-01,4260,921,76
f56a8745-bfb2-4718-8ce5-0259f84c3975,01f9f4cf-d342-48f1-9170-4b9952c404d1,2025-01-01,4126,451,48
ec27cc64-1b59-4d65-aa5a-d3c37b441e3f,74981e41-0431-4a8f-a6d9-d65858382127,2025-01-01,5827,490,1
16e30f72-3d99-41aa-9344-f0d081275aec,bc09222f-c775-41da-843f-fa5ad2a5222f,2025-01-01,8502,989,66
1cb36205-6e52-4ef8-a975-aff141689a31,02aee259-05c2-4832-9328-20d5a1d7a9b6,2025-01-01,6428,931,95
8bff9809-756a-49ba-bcb6-12bd59baab96,586d1ab2-f313-440f-ba47-140308c90049,2025-01-01,8811,847,69
a4226c96-1795-4206-beef-78dfae949335,8aad5a73-a27b-4574-9449-f71f670d8297,2025-01-01,2929,74,28
56c5317c-b55d-4c2f-83ce-5e21bfbecd54,6581ef3a-18c2-4dc2-abb6-3c10f52f172f,2025-01-01,5054,478,81
4c2cd4e9-3fec-4657-977f-3adc64367580,2d4d314b-4098-42c5-a18a-3afd62326781,2025-01-01,7614,759,60
08b0a4c6-b5f8-4a12-9b25-fb7f0edf19da,74211683-c293-40da-a90b-79624720ee03,2025-01-01,215,203,33
af049e29-078f-4b36-bf85-7e6923c5069e,585eabe0-e19b-4ac5-b64c-109926e48219,2025-01-01,3128,324,96
e4ce549d-28cc-41de-a4d0-82c38f9c7243,a2c0da26-d588-4058-ad2b-1d0c5efa609d,2025-01-01,7112,635,70
a8e76e71-4c6e-4a3f-a79b-7c0faa219b9b,3564f8a0-5021-4c80-808e-26dd1021c174,2025-01-01,7475,94,7
c51d2fc7-938d-4125-8240-2aca14b093a1,4c1bd012-f3de-4cdd-bdd7-c663c4bc33b1,2025-01-01,6311,706,3
fa03c0a3-e2bc-44ff-a84b-4dfbb1e2c98d,c03272f8-2cfe-42b8-9adf-14749f833f38,2025-01-01,6113,972,85
48eac1af-c4b7-46c7-9e2c-86a30642c386,bab49818-5201-4c8b-b260-91d0fb9194fc,2025-01-01,106,952,1
9141758c-f639-49a5-9340-7d9cd662d3fb,d7b43af4-912e-4116-ab7b-55f5f88f07dd,2025-01-01,3858,119,40
02aeaa13-3e81-4cb1-a117-95411150b843,3e8150b7-1666-40e8-b4ed-c4a92ff27e1c,2025-01-01,7302,249,37
c526613c-1ef9-47df-88e4-d2863f7bc280,bdec5948-144f-48e0-a349-7e5a24be2683,2025-01-01,6301,52,61
e69cf7a1-9c67-44ea-87f7-c8789c5dc48b,74708ee0-7548-414b-8860-d313397486a5,2025-01-01,6624,330,6
3800b3df-88ee-427a-9098-69ce168273cf,65dcc53a-0455-4c36-bb6d-37227a84d267,2025-01-01,4981,491,46
66c5f4d1-7246-43a1-995b-37f0efe1c033,74192831-ced4-4c7c-98a6-f67de683f798,2025-01-01,66,314,70
918707eb-14fc-432f-a816-d6d99d25abcd,2d3e5099-07dc-467a-b90c-d3803f48b37b,2025-01-01,1505,969,41
609fda7e-5e3e-496d-ba7e-21b4aa451926,7b66b96a-2fe7-49a4-a693-2f8c9015efe1,2025-01-01,2658,227,85
3d4d4ef7-5472-454a-b2e4-d57a3e925a11,f02b4656-c319-457b-9229-cba38b0d2a0d,2025-01-01,6129,813,63
d71a8ed9-b168-4eb6-a91a-9426fd032a10,a2c0da26-d588-4058-ad2b-1d0c5efa609d,2025-01-01,990,472,96
04ba00b6-32b5-42c9-9ca9-ff56a6513d89,46063565-a3ac-47b4-a636-709751923d17,2025-01-01,8940,606,58
f020a4f4-691f-411b-9506-97d46623e947,925e4e39-2570-4d67-8183-df75e352d89f,2025-01-01,6018,476,31
1fff38bc-16ea-4eaf-8401-d81951271694,bc545aad-2423-4bdd-903f-d3021d5f33c4,2025-01-01,7355,535,49
eaa6d303-ef7b-4e40-b731-5ed640b391d0,ee96f59d-099e-4665-89ff-2d2285ba7109,2025-01-01,9662,520,28
18401dd1-e574-46e6-9305-4f804207acb0,2fef14d8-8b75-49f2-ba30-7192df0d8f0c,2025-01-01,8033,253,48
888f6aca-a268-4ef2-a515-27c433511b93,2e7c507b-eb5a-4bf1-963e-478758c2409f,2025-01-01,7493,365,28
b4339259-2f0e-4c08-aadb-a3679ead39d1,4be52281-a2b4-40b8-8d3f-7a3915b6e430,2025-01-01,7940,376,60
c529f991-0cc9-4c81-92fa-4b78cf535919,25d97edd-0bd6-4e28-bfd9-d4b4ace9405e,2025-01-01,8549,396,57
0516864f-c33e-4851-9125-45cb63f3701b,861ffb83-44dd-400e-b901-d9333f251459,2025-01-01,682,81,40
de5223e5-1170-4402-aa77-c356849e1680,6c032ff2-da2e-4087-9ac3-4e3e3ed24bb5,2025-01-01,3851,431,13
3ed09f8d-8f56-41ec-a908-130cef30c5d1,c9be25d9-5084-4473-b995-0d1f5a55104e,2025-01-01,3168,43,57
d33dd887-94d6-4512-a982-17ba0d7d2de5,f6d350d2-b417-4ef0-b8a9-895383981043,2025-01-01,5199,435,26
751eda88-d5f5-4a4b-922a-448a4011c378,25d97edd-0bd6-4e28-bfd9-d4b4ace9405e,2025-01-01,2339,618,17
f2372875-7766-4596-a1d2-b22ea2133153,4cfc95de-7f43-4a51-b03c-dfa053a704ff,2025-01-01,591,154,90
981697d8-81e5-4e38-ab69-ad284055d02e,ecd0388b-c49a-4bb2-998a-688845027104,2025-01-01,4453,597,8
50ab08b7-1531-4050-87b2-bc49b56ba95e,b8f2f9f8-b4a2-4ded-90ca-2d83a5ee34a7,2025-01-01,9063,620,29
14505150-9b3b-423d-9ce4-6aef5625366c,ffa7859b-9197-4a98-bdd0-c27dfe812a5a,2025-01-01,7322,455,33
4cc147f9-82cf-421c-8db6-165edcd01d05,82ea7efb-dd18-42cd-a4e3-9e2f4519beb5,2025-01-01,6221,656,87
a8f66a08-f4b0-4642-9acf-bcb3a35b51f2,bfb282d1-a893-46f6-b941-09b81fe57b85,2025-01-01,5461,483,8
4b09a484-01e9-47b1-b2c4-c5352d32887b,5aab3c8f-bbc8-440e-b744-53130efc3941,2025-01-01,4543,253,22
c74fa65b-52ce-4624-b05a-6a7721d244dd,f4b8b23c-e4a8-4a37-8455-b22ee5c14c61,2025-01-01,9418,618,96
ad03550c-dd73-4f90-b75c-8e0f0f77d6bb,6af7e714-1d50-413f-a1fe-c7e7998bb209,2025-01-01,1237,530,19
646635ec-ba8e-4b63-891b-761feb1ffb27,c672e077-81d3-4cf7-976a-44b5d8580cf4,2025-01-01,7173,886,63
63c6b12c-f47f-4719-a7eb-4e4fa83889f4,ae204e79-e6f4-4c04-9a52-e5664c89699f,2025-01-01,6128,715,91
791773d2-71e1-4e03-8856-30de18562b5f,f39c9cd3-afb5-48d1-ae8b-d5354d49205d,2025-01-01,902,104,92
1601a31a-8b19-4415-bec3-67de491d82b3,9d92b773-a7c2-4ac0-a4e1-f47b1fa9ef34,2025-01-01,221,110,22
189794a1-ded5-4ca4-bc92-6ebc213a542a,e422acaf-9fa9-4f6f-819f-5addbac28601,2025-01-01,7145,444,46
469dd662-7c24-4d2d-9f66-ae6eb4426651,e6d6344e-debd-4788-a203-aece2a89ce3e,2025-01-01,703,766,84
2aa5513b-1559-4bd4-83a3-1939a6b699de,082e4703-ca48-45f7-bd7b-ad50c76981e8,2025-01-01,4128,823,77
627c8ecf-c4a5-4df3-8246-b2eb354d0bfa,0c36f20d-8c39-489b-a59e-fa2d13283291,2025-01-01,3874,402,33
ab1fc04f-ded2-40d2-9f65-562f68d77fd6,f36c2204-ccfa-44df-8f70-7e83c3b17528,2025-01-01,3402,827,63
e4e1495e-c381-451f-9ef4-829f3ae7a5e2,8d47e505-68fe-4f2e-a6aa-b5f287d5df04,2025-01-01,7652,497,82
66b2b0f6-37f0-49e1-baf9-c46a5f218371,d6716325-d336-4dcd-8758-6f11449f8c60,2025-01-01,4740,833,69
339cb632-d537-4af7-8637-bb18507e3e37,183cba41-aefa-4edb-822a-a66bcc819102,2025-01-01,4808,716,4
00bde197-eafa-4cb3-9bd5-346097128681,a750a23b-85b6-43c4-9566-09e84e918886,2025-01-01,2777,182,77
98aea1d0-8c66-4c8c-ab0e-78728eb1be76,356031a6-eed1-4c32-b6f7-cb11d278e2e9,2025-01-01,7080,784,26
fe88a0b1-dbf3-4990-82e9-37b90175fbc9,a2c0da26-d588-4058-ad2b-1d0c5efa609d,2025-01-01,7422,509,44
8e06715a-2f63-425b-ade1-cff7033fe53f,5e28bc91-ca55-442e-80ea-688a2dd7dd17,2025-01-01,9985,525,11
181c21b7-a21e-4360-baf8-9771db1b223c,9118ffb7-4436-41e6-9a1a-8e13a4ff2a36,2025-01-01,9508,468,42
df5e1de8-acb8-4609-979d-3e9fe1787710,299e0071-4261-4d12-be8c-aafb2bb4b1a1,2025-01-01,696,470,94
b800e645-b275-4f74-ae9a-fedc87a4fff4,f39c9cd3-afb5-48d1-ae8b-d5354d49205d,2025-01-01,2257,531,36
e7d66e3b-43e9-4304-80b3-eac4c4192776,fdff471d-f704-4727-a50a-7c50e4646f66,2025-01-01,4168,102,1
123913d0-2771-4eff-a541-0ebe9171536b,2d4d314b-4098-42c5-a18a-3afd62326781,2025-01-01,3352,800,55
3f51b10c-230f-4e84-b507-43dd8f77ee18,b4f539b8-b889-4636-ac09-c0b20a603fa0,2025-01-01,7762,691,32
75674822-36c6-4dd4-b7eb-108f31770179,5d66bb31-1b26-4a41-b20e-c320982d5f15,2025-01-01,8082,595,34
f028821c-f1fe-493e-82c1-c87d315bfe4b,656ac2d5-21c9-42a1-8236-f2df7cb8b92e,2025-01-01,9526,553,67
955cd660-8d88-44c6-aae0-478e0c97ea4e,4be52281-a2b4-40b8-8d3f-7a3915b6e430,2025-01-01,2710,733,15
84bd8b24-e593-4be1-bc0d-0b314b95205a,96869474-e1a1-4ea3-849e-c64fc6723f57,2025-01-01,3726,369,97
16f47370-75d1-4759-8273-1abf9c7d3be4,551e8e86-4eb3-4cf3-ba1a-d796b7478cdf,2025-01-01,1558,762,89
ae58963b-b1b1-40a5-8f1e-98fe809932d4,82ea7efb-dd18-42cd-a4e3-9e2f4519beb5,2025-01-01,4654,475,24
59ee1307-354c-4d46-874c-51e71689cec5,960946b3-9311-4c73-85c7-77a136cd7769,2025-01-01,4657,155,79
2b847514-c536-407c-af58-d0b2ebcb6914,5e04304f-d8f3-4ad1-9c46-0b15cc661d69,2025-01-01,8554,144,0
ef5e9e07-9eff-43b0-9595-788657fbce04,04805723-e858-4e79-a23f-c9b482b429b0,2025-01-01,2144,314,59
90c111bf-619c-48c7-88cc-1da6e17eae43,40036de9-8633-4570-b3c2-aedca99ebb71,2025-01-01,1423,129,37
064535c3-261e-44df-93dd-441777634c50,1e2b300d-2576-43ef-956f-690f0cd92aa9,2025-01-01,6787,739,71
46e43d00-ec7a-466a-b913-64643fd5de85,dcb34ae6-437a-4021-81ce-8ce36e5b90a8,2025-01-01,7591,299,66
38a98047-3912-4779-99d6-5355ce5849d1,06341667-8798-4bd8-b3fc-5461af632b15,2025-01-01,9667,645,30
fdf8759a-13fa-4ec7-812e-391f03f363e8,2064f8a9-87b2-47de-9633-c42248cf76d0,2025-01-01,5214,242,88
51dbd5cb-5395-49a1-9dcc-aad6bef975e5,b7390aae-f8f7-431a-9c1f-bb8e98a9fbf5,2025-01-01,9617,698,13
f4209d41-31cd-4b85-9c33-d0a134b91cc0,20e56c9b-d850-48da-a9f7-dc08b2d2013e,2025-01-01,482,668,50
0585e6a5-b6db-45c8-92a0-d581e99e170e,d4c04436-1af5-461a-9347-dbdb9a61768e,2025-01-01,7342,497,11
8c53f831-58a4-477d-acb7-1349f1603715,90859dc5-f7c5-43af-9db9-3a4d84bb19f9,2025-01-01,8806,426,19
7db47c78-b947-45ca-9781-89512a7f2d7a,5a3a569a-e5dd-4349-9397-bd5435e02965,2025-01-01,2483,854,26
316c0af5-f7c7-47ed-b14f-c3f29a71ff61,c7f24534-0160-48b2-a8f7-967e540c6424,2025-01-01,2658,921,28
7da68377-5070-4d2b-971c-8e579d6cf2e6,0577c43a-1b91-44dd-b531-e2adafa9ac8f,2025-01-01,9916,830,59
71087df6-73d4-4dbd-a857-ea8205f374f8,4f4a267d-8bcf-4580-a45f-7e62478207f3,2025-01-01,443,224,19
0f9ee02c-e187-4b35-b045-7ee870b81adc,e8faabea-b637-4484-8e94-32bf9b23fd95,2025-01-01,4818,938,88
8fd61e13-a812-426a-b33f-dcfd6bf8d495,d386dd3a-12a6-4f54-bd0d-eb6696361dca,2025-01-01,607,565,42
593c4c8f-e1bb-43a3-a36a-91d17f9c1616,0134746b-638b-4522-a0c2-f1b2efb9e162,2025-01-01,2675,238,44
6081b115-2ad3-460c-a89c-6b9ac0d69b8a,9aed4394-544c-4b99-af5b-ca774de3a115,2025-01-01,6810,150,47
84213943-f6dc-4d03-b09a-0006d88ea0be,036f1556-530c-4afa-9433-c94f716882ce,2025-01-01,4958,392,77
2fa8b2e0-53f2-47ef-b8b9-62d07bd62d06,30343466-e080-417e-a943-24c1f1a4d7ec,2025-01-01,6226,1,66
66687bab-fc7f-4ffb-9c04-b9fd0729b8ed,ecdbc2d4-ad77-4ed6-a44d-262f9f47293c,2025-01-01,4437,701,5
61bb4ca9-002f-4c5b-9254-4fb47bdb7e08,935ee0e2-d86a-4054-a3b5-02aa2770415a,2025-01-01,1469,121,96
e0ac6cb9-da38-4fa0-98fe-7790f364aeaf,de8a7fd4-352e-40d8-a256-4734c0254241,2025-01-01,8614,428,58
8de93868-ed8b-4ea3-9b2a-cf4a775f95dc,381e20b8-7cbd-4319-925d-19a6333e7eae,2025-01-01,9470,443,9
0523429c-857b-49f4-888b-f312b63c10ee,349aed41-f169-4d6f-ac24-601591c2eb5d,2025-01-01,9233,769,70
e7b0ad47-9fa6-40f4-b2d9-252253076f4d,f77c06a3-7a29-4fb7-803e-3f579b3991ac,2025-01-01,9932,203,62
883d0d37-dc0d-449c-b0e6-8029914a91c5,40f497a4-dda1-47e8-aab5-946e1b3b64aa,2025-01-01,679,860,73
d0a252a8-97c9-4995-805c-793cb612a2f1,d7b1ac3f-a0f0-4b7e-b046-3d0d4ffdc6ab,2025-01-01,3581,825,40
22b6b46f-ee04-4240-a4ed-68623a7a7276,aa365c5e-37f7-4c08-82f1-6863b0a67c2a,2025-01-01,4729,408,49
d4d04bb4-4400-474c-8359-9ec848e987d9,b10b93c8-d812-4bc0-8016-7a637bab554d,2025-01-01,6650,404,55
8e217d5f-275f-412b-8f71-95bd2439dff7,43a30b56-833d-47b3-99ec-19139f8c6406,2025-01-01,2456,376,82
6c6580e1-f438-4b0e-9c6d-acfcc1bf380e,cad2ccab-065d-41f6-9ebb-c81f314cc821,2025-01-01,4422,302,31
3f2d5e2d-8565-4541-b761-db33d6b81797,25155412-0b65-45f9-82ff-e8ceb45172a0,2025-01-01,3525,115,50
fc94a312-cd92-4194-84ba-0d7324b520eb,5d66bb31-1b26-4a41-b20e-c320982d5f15,2025-01-01,5466,920,44
b065a9a1-2806-4f1d-99ef-6c7e581da322,e1a3db19-4d2d-466c-a9f2-f1869f58596f,2025-01-01,7152,817,82
abcbeec6-0f17-4e25-b6f6-2f51327855da,1745e70c-0ac5-4ca0-8849-9a8224f22b98,2025-01-01,2888,97,20
7f15c5c8-54a1-4d87-9303-75d53111ac6f,3b4cb02a-2f76-4b56-b30e-023abc6e31b6,2025-01-01,9127,585,81
d0cd7926-0e3b-4cc4-bb73-9201f53ce6ab,3e9cff11-3beb-40e0-aca0-1898e8225cca,2025-01-01,9566,73,89
5b3f061a-783d-4629-81c1-26358bcc32d7,2c876e47-24b1-4665-85a6-ad1923f58876,2025-01-01,8393,263,77
fc4a52b1-fc90-4923-ac55-43dcb5929826,b0319f19-107d-4448-9d6b-12424e61bff3,2025-01-01,7971,144,22
19c2bd8f-4149-4a72-b3a3-6a79d10f22b4,d1630440-b72c-487e-b308-d3b36cfa2bf5,2025-01-01,4530,105,92
ffc56892-bab7-41d4-ba0e-6f71be293420,30238c3d-44f3-4729-96ed-f79fe0b728a8,2025-01-01,4316,431,22
69e9f7e4-6b8f-4181-af1c-fa6c3037d2cf,586d1ab2-f313-440f-ba47-140308c90049,2025-01-01,4824,77,53
722f87e9-a53e-403c-8580-e7f0040a4847,ecbf6632-e552-4cec-a9a9-f800ac311eac,2025-01-01,8706,130,38
20358a42-cdc3-45e4-95d7-af6039e2597f,9da7059b-af79-4a8d-926e-e6f34e625cbf,2025-01-01,8554,375,89
c7d3cd13-d1af-4b14-b7ed-afca43a5ec2e,bdce040e-3b5a-4dc3-9479-aaed52aa5252,2025-01-01,739,328,63
74297115-93aa-4862-aab4-1e45c05685f0,d8646a76-087a-4b11-8307-6eea30c07d23,2025-01-01,4249,291,72
02b1ab29-2183-4651-924b-cac8c926e4d2,efa52067-3c82-4ce4-90c1-bfc995bfa03e,2025-01-01,9250,209,46
9cd26171-dfc4-4d6a-871a-42001618714c,6e814e53-80e0-4f69-a278-e617121589b4,2025-01-01,5959,268,98
b34da4fd-b61e-4525-bd0f-d06337addc29,c9666602-3b31-45a3-a19b-61365fe80936,2025-01-01,2177,227,93
b64a56bd-755e-442b-88df-3ec18b899c16,0cb4b5fd-ff03-4441-b568-3652e4275391,2025-01-01,8107,695,25
88138e95-f7c8-4339-8c01-d43fd5aa3d1d,356031a6-eed1-4c32-b6f7-cb11d278e2e9,2025-01-01,3338,601,44
aab3bd92-922e-480a-9b42-2d0f394c3a63,183cba41-aefa-4edb-822a-a66bcc819102,2025-01-01,496,459,32
0599fb13-dfd1-41a0-973e-f3e2fd5900d9,dbaa4dd7-25ca-4439-95a0-fa0d42021e80,2025-01-01,9390,555,3
448ad45b-e4e0-49b8-8057-2e18b87a162c,d8646a76-087a-4b11-8307-6eea30c07d23,2025-01-01,7822,750,80
3fcc0179-6cec-45f3-9ae1-abfa6b29710e,ffa7859b-9197-4a98-bdd0-c27dfe812a5a,2025-01-01,3247,68,34
54159f64-7d88-4ea3-bc8a-a69ac22db9d0,7d0d67c6-aab7-4435-a5fd-95c96b84c9a4,2025-01-01,4034,436,31
b56d7afd-ac54-4a02-9634-944386393f6b,33329b71-36b2-4bcc-bbe2-553c8ee84832,2025-01-01,779,906,17
c9108e33-6c53-45c7-99cb-f92ef6aba52e,93a48a13-d889-430e-9475-4766a64432d1,2025-01-01,2970,851,39
f1129597-9c00-4ea2-a8fd-6d25e91bc2da,f6d58102-7aa6-4c89-b9ea-ce5010429043,2025-01-01,7215,381,92
dd3990eb-47b2-4a7e-9c2d-f6e0ba19e8b9,9d92b773-a7c2-4ac0-a4e1-f47b1fa9ef34,2025-01-01,3011,384,37
ee87c308-cbb8-49d3-a055-891a8b15ced4,94ec4660-2f85-4d5c-8f75-82b6e91d5fe9,2025-01-01,2674,190,86
70c394a8-df5a-4aa7-8501-8052b07c29da,0c4bf4cc-64e4-4c04-9edd-ef6421f61408,2025-01-01,802,39,60
2fef7228-55e6-4a81-8008-f291d47d34a9,5a3b88de-39ca-471a-b1db-cc36b99fc1e7,2025-01-01,1588,268,70
ca24a0f9-84a5-4e44-bbe8-bbee1d0a9737,5f082dbc-c0f4-4b12-8a4a-ee16ccf5db49,2025-01-01,4520,975,32
17f3348e-85b9-4d63-9000-2d44706527d8,04805723-e858-4e79-a23f-c9b482b429b0,2025-01-01,6395,452,20
001432c4-ee5f-4bd5-8868-f83f035a804a,d02e0b75-bd26-497e-a63b-3506752fb01d,2025-01-01,1545,705,61
4cda3537-29da-471b-979d-3e3861a6bc5e,b8ab8ac9-1a23-4f62-a76c-94c6273c941e,2025-01-01,1162,933,85
f3e966f5-f914-4387-bddb-1b65a847fe1c,9c2b07fa-89aa-4108-b98b-e0a58c297344,2025-01-01,6125,651,92
c78f7e9c-e019-41cf-9a7f-fb12082019c6,5e28bc91-ca55-442e-80ea-688a2dd7dd17,2025-01-01,420,626,60
a3441200-f456-4a2c-96b9-02d45792535d,06341667-8798-4bd8-b3fc-5461af632b15,2025-01-01,918,205,35
c0bb69a1-0a38-4a1a-a2d5-f52f5784605d,af1d126a-54a4-490a-b8ea-423b46310f81,2025-01-01,6177,217,42
41dd54e1-649a-4ae1-a179-2429036fbfbd,815e7d2c-3456-4458-a345-7e6fe3e94a3b,2025-01-01,2113,420,63
cc7a7564-e565-4ad2-9b23-0bc81c7b1cf2,61091aae-c384-40c6-8dfb-a933bc64cd88,2025-01-01,9790,406,93
dd437010-45a8-49e1-a80a-4519603789e4,75354c50-28f7-451b-9018-050bf0ac3f18,2025-01-01,8472,941,0
b1673b3f-1357-43d8-b2ce-417278671f7f,d41c8a7f-9c1f-4590-80ce-8e672cbfdd8b,2025-01-01,83,9,11
8bbc1a8f-6dde-4a53-9147-963b4f956541,19f63e70-112a-43c4-aaa8-36e7cff1f1b8,2025-01-01,1833,850,48
ae191c63-97f9-4430-b39d-0ef8d123ddb7,02f3e7a0-7fd2-4481-bc3e-2867d4e88b5e,2025-01-01,9714,987,89
bbbe9b8b-bca9-4c8f-bb20-651a9e763ab6,a750a23b-85b6-43c4-9566-09e84e918886,2025-01-01,2011,855,91
4a287340-4363-4e42-be7b-732d0d04380f,79c2f3c4-3de4-49e0-aaec-700c780004a3,2025-01-01,5814,43,30
b7c9dc92-9a37-49bc-adcc-2e421bcc8b0f,959d815d-bfbc-4f68-9405-f8d8eea87095,2025-01-01,5179,364,71
7233aa06-c1ae-46cd-971f-d20f78383491,5aab3c8f-bbc8-440e-b744-53130efc3941,2025-01-01,8039,244,28
dbabaaad-0b5f-4a20-a5a9-8e0978153ef8,75354c50-28f7-451b-9018-050bf0ac3f18,2025-01-01,6541,786,98
057140cd-d717-4a14-a31e-8d1522be3ce6,7eb8f151-a2d5-4e09-9e88-0afbe4703b9f,2025-01-01,7267,724,41
19b15f35-8dcc-48de-8208-55b546d611a0,37ffe8de-dca7-4b77-996f-341cbb8d340a,2025-01-01,7119,532,0
72bd93d8-b4f5-4718-af43-085e78377e9f,2fef14d8-8b75-49f2-ba30-7192df0d8f0c,2025-01-01,4279,795,72
61b36549-b434-4125-86a2-a57cea220525,25d97edd-0bd6-4e28-bfd9-d4b4ace9405e,2025-01-01,6409,35,61
7c2e8b96-20df-46c0-8737-03e2be1c948e,30238c3d-44f3-4729-96ed-f79fe0b728a8,2025-01-01,4220,768,9
f5271254-b829-4774-a0f7-bb88dba65de1,6c032ff2-da2e-4087-9ac3-4e3e3ed24bb5,2025-01-01,1628,980,80
14cc7f73-430e-4d7d-953d-f5930d8e001f,3ab7fb4f-fac8-4cf9-b21a-2537797164bd,2025-01-01,6277,641,87
05d0c848-4525-4aac-85df-5e5c5feb4fa2,dbaa4dd7-25ca-4439-95a0-fa0d42021e80,2025-01-01,766,870,5
02f01011-2a17-4fa0-963d-3d3f6ee9e522,6581ef3a-18c2-4dc2-abb6-3c10f52f172f,2025-01-01,8339,436,55
4ed23cec-ee79-4a1e-a94d-c9ae4aa77d03,ac64e220-470f-4d6a-bd92-67599403acfc,2025-01-01,9914,835,25
fc47feac-ca7c-416b-a9b8-2139c617f75c,d7b1ac3f-a0f0-4b7e-b046-3d0d4ffdc6ab,2025-01-01,908,598,44
2a00917d-f1bb-49b2-81e2-829c3e59f630,0a53fda1-0c04-4469-ada7-de58e83408b7,2025-01-01,5919,134,72
b13ce680-c588-448e-be1e-600b4ba57c64,08bb6921-998c-4b72-b416-d340b1556bbd,2025-01-01,1093,711,69
bc87c8f6-cdcc-4117-83de-048f238523a7,1c446f84-b4d9-478d-8607-0e3eeebe3bed,2025-01-01,7822,236,66
0c15584f-2a65-45d4-97db-93b0bc3aec4d,997e0a83-a408-467c-9278-774d0e7d9dc1,2025-01-01,6350,328,80
21a2f019-2f53-4d9b-a519-934304d7e3d4,de63c03b-8f66-42b4-951a-4b8a4d0651df,2025-01-01,6714,256,89
bd9a1055-2642-4b2e-80fa-b31d02af6067,f36c2204-ccfa-44df-8f70-7e83c3b17528,2025-01-01,2698,65,93
1385da60-7092-4e0b-b632-c1e597f71c30,d9169a3d-d07f-4edd-b1d4-bb32baa23405,2025-01-01,6339,912,80
1f7540dc-a792-4732-8c0b-5e6c097f0fee,7c718c61-9dfb-4ae9-9f8b-f02360d6ae18,2025-01-01,4339,444,75
696b50f0-a2ad-4a24-8e8b-1a8cf05b5a95,30343466-e080-417e-a943-24c1f1a4d7ec,2025-01-01,9302,511,10
7fd6ea9b-ee41-45f3-84e2-302c5676d949,3348552d-66be-4017-97b7-a6d658e888dc,2025-01-01,1949,768,96
87a8b993-e86f-44a6-9a7d-1948bc5cf91e,57d3292a-db62-4df8-8601-28667543dfb3,2025-01-01,1283,951,8
c4a413dd-2fda-4e43-93f5-0c375b208a09,510fbad2-c593-40a8-883f-01fe8413c096,2025-01-01,7272,378,19
81e60483-5fdf-4f5a-86ce-bbb266179985,d5a6fd42-89c8-4ba0-8785-520c7d6ed022,2025-01-01,2490,148,98
45bab8a0-f405-490b-8246-604aec5b1456,cb0db3fb-8f1f-4ab2-8fb0-fa50b2fa4bcd,2025-01-01,5626,881,12
dc8b8a28-ae68-440d-950f-710d114cbf02,7cb8a350-704c-4842-8013-7c1c4a75cba1,2025-01-01,4749,671,48
31048a1b-29b2-4592-b69e-ca6df28b690e,f4269db2-909a-444e-9d2e-7fd7463b3f0d,2025-01-01,9140,159,83
13f0a382-942d-43ed-ba57-769d54fa45fa,f6c6a5ed-fe6f-4c0c-b53a-d6c2deea7c01,2025-01-01,340,504,53
cf6301ee-8952-4885-b4b3-b3d11054fd17,3720a8b1-5fff-401c-a537-e77eb93ed4b5,2025-01-01,4811,535,40
1e90b78b-c5f5-4bdb-bd95-687b076e110b,74194351-3a95-4980-aa56-b10603c28495,2025-01-01,9763,441,93
e21fe4bb-81e1-42f1-8cb6-9d18d594dfc3,58ba8aac-5580-4014-b192-18e69c52fbd0,2025-01-01,2616,361,67
ebb3d77d-3ce3-43f5-84a5-4e89b94b93b8,5612a84c-2844-4b0d-94ef-e32aa6fb6e56,2025-01-01,7179,877,73
8d659bbf-26e6-45d9-b4b1-6705e51d4c21,6e217056-9b78-477d-8cf5-44ca49ac44dd,2025-01-01,4933,961,66
33c6b1c3-421b-4040-9b5c-bde7ef3eccea,6a785516-2299-41b9-ae25-24c416cae5e2,2025-01-01,8277,869,74
3c8567cb-5c53-4de0-bba3-ba16e9a3a471,2bf9d5fb-839a-41f8-bd72-b6b39206a13c,2025-01-01,4213,74,45
a227149d-999d-45dc-87bd-0140b1e8b258,9b5fe62d-627d-4e1f-89f1-8f87fbcc2840,2025-01-01,5379,616,68
30b37966-89f1-4b4a-b4ff-5938bd11a556,3219cc8c-7eac-4963-9ed0-b3282a6cb86f,2025-01-01,6282,195,41
0e8dd8f7-d2c9-4eab-bcdc-60ea7af6ca11,8c3d635a-e37b-4d46-9b84-e52869883d51,2025-01-01,7328,215,78
c8cc35f6-f34a-436e-aeac-5ebc5c0eaab9,9118ffb7-4436-41e6-9a1a-8e13a4ff2a36,2025-01-01,5833,710,83
82fe3998-ca81-4fac-b3fa-59a2298ba067,c1767a32-1e84-4c61-9e44-665c2423051b,2025-01-01,5649,179,63
cb429597-4e88-4de7-8d48-a927ba3a5e8c,75f9afd0-8e79-49bb-b1ab-b3c53a973ae1,2025-01-01,8157,160,0
aec40a6f-495f-44a0-b63c-be6edec5952d,cf051087-83e5-46a0-81ee-79429ae82282,2025-01-01,9924,969,19
5727e33c-cd34-4138-951e-b4e0137b90e0,dc9b4e5a-9d4c-4396-a6d9-54bac02f81bb,2025-01-01,8271,559,33
ddb5a97d-e569-4fa1-aae6-ac6a09dd93bb,20d88bd7-80f7-48b8-9b14-22269082d529,2025-01-01,1850,263,19
b33fe1f2-7906-4303-8469-895029c0a75b,6f8a3e1e-7449-4038-a36b-f2575a2499ea,2025-01-01,9173,607,61
c5020b5b-8666-49d0-9796-5c3edd6ec06c,9ef4323f-2663-4106-8c9f-59c9ee81f24f,2025-01-01,2653,940,16
5df3919d-521c-4c46-a5d4-d2fe3942d3af,6c8d84e0-e8b6-46bb-9287-5b6558bcc62b,2025-01-01,3989,441,30
18e1019b-167d-49bd-8c56-955e13e13cbe,fed482be-3180-47b2-b502-37a732b8f2f4,2025-01-01,5792,457,76
0371ed2a-1bca-43ad-a8c8-12c6f5069588,2d3e5099-07dc-467a-b90c-d3803f48b37b,2025-01-01,1378,185,65
0d6c25db-5bfb-4967-b22e-4e2b7d6a2dc5,ff9bdc7d-fde8-4635-a4bd-2df2ab74fa95,2025-01-01,3674,331,45
8a79cf42-82db-4586-ade5-e2ead70f2636,3da30da7-340a-4fc8-beaf-10397164baa0,2025-01-01,2533,278,20
d7922c46-69c5-481e-a53b-b4013c78665b,c07d432e-fad5-45f5-a5c8-d277b3931a75,2025-01-01,1440,460,87
107c9370-084e-48cd-ae77-5da33bac8a50,779e8091-cb77-49e2-b0b7-f1a9682f03aa,2025-01-01,2260,686,34
19f51c11-8baa-4e25-8f54-6c24ca669591,ef875789-6553-4db8-b19e-966474e7c6bf,2025-01-01,917,146,57
56abd371-b104-4661-9a14-158d715b36ac,ae0371e4-cc5c-4f92-9529-1d82d2d000be,2025-01-01,876,408,48
0431aa58-4694-45d5-9e3a-5a1cf68e5591,cad2ccab-065d-41f6-9ebb-c81f314cc821,2025-01-01,6802,51,4
9dd27fe4-c651-4044-a096-b91b0b2fe059,f02b4656-c319-457b-9229-cba38b0d2a0d,2025-01-01,4452,10,85
25decd7f-01c2-4e6e-b57d-fc648ecca844,98df03af-ac56-4bca-a8ec-9fafc7ab44e7,2025-01-01,6927,721,10
10384cbe-1633-4262-ab4f-c7534099ce35,c59dd9af-88a7-4423-840d-775d19ec1f18,2025-01-01,9867,254,64
56bc111f-fceb-488f-8ede-cf1916b2eece,d7e48750-247b-4a52-a227-bed98c316dd3,2025-01-01,9878,754,27
cdb829d8-c9f7-4a4a-a6f3-a1c5b5f0ce95,494259e0-f582-409a-991d-a391c947ec1b,2025-01-01,7903,45,16
c598855b-30d4-4800-809f-55e15469edcf,e0458722-01c3-4c5a-aea6-14af5373d488,2025-01-01,8724,341,84
a7bdf416-ae71-40bc-9995-3958c7d29863,8ffdafd3-9d97-4561-9eab-efb8fd024aef,2025-01-01,7583,474,10
80777ba1-1760-4a27-aeaa-8d764fc5a3e6,423e225b-9ab5-4318-9cc7-b17a779b6519,2025-01-01,607,105,89
da75cee6-f434-4a7b-b1a4-4352625337d7,f43e0a48-d4ba-498a-8ba4-1732b34ee3d8,2025-01-01,9963,34,17
135a74fe-c361-4afe-831c-f6c38c8af227,75354c50-28f7-451b-9018-050bf0ac3f18,2025-01-01,6722,302,73
b737bd97-a19a-4308-9648-dc76e4e42aa6,b6b687b2-66cf-42d1-9cbe-3497769e5b49,2025-01-01,2479,180,22
db09dc77-209b-438a-a5fc-9f0b88c6131b,0181eb7f-5423-417c-937c-ab69fc3636b9,2025-01-01,6196,480,94
83054163-5bef-45cb-8e4f-a13b6564fb6b,c64282e9-009b-40a1-9a4f-ace4ea84a043,2025-01-01,8562,574,14
4dacd291-f533-41c0-9bd2-9256c06d920d,bc545aad-2423-4bdd-903f-d3021d5f33c4,2025-01-01,6207,723,99
964872c4-9ab1-4082-8b1a-4939d9581678,4f7af75f-e550-447e-bf6a-dbf8bb394ad2,2025-01-01,1091,489,45
c6061c46-988a-4d9e-97a2-9394aa3a804b,4fc65727-2298-444e-be59-1f329a107b3a,2025-01-01,3958,579,54
0347466b-86fd-4b08-beb6-afe8f157e2d4,c64282e9-009b-40a1-9a4f-ace4ea84a043,2025-01-01,7488,959,22
10cc299c-f015-4e96-b5af-559cc7cbdae1,a1bcbec5-533e-46b7-a1f4-89489f6ade8d,2025-01-01,9351,578,9
a8a0583a-01f9-41b7-a11a-bafa5343ba32,3a8be85f-3453-4991-91b4-6fa509690071,2025-01-01,7622,42,36
67048b96-f43b-4e5f-8044-296bf7f5132c,472cf2e4-5be1-48bd-b38d-81270099d2a6,2025-01-01,9354,823,82
13507037-58be-45b1-ab70-3c9ec77e9a79,4faa78b5-ebcb-4f5d-b076-472806558c3a,2025-01-01,5259,817,95
5c3aa9ba-f6c6-47d8-a712-8f0c704044ed,c95840ec-79c9-47d7-af46-5d733d4cc2af,2025-01-01,8586,214,58
bdc082fd-2d20-4cba-a527-2d541221100b,eeddb257-3771-44c4-ade5-758cf6b46f88,2025-01-01,3596,663,77
fe5a474e-75b9-44ae-965c-853ca72da30f,119f266b-4be8-448c-9052-b05fb716767f,2025-01-01,3620,751,49
29c1799f-335a-4891-981a-6434a71a4095,ae6cffa6-61d4-429a-9190-f8c29a3d5422,2025-01-01,368,217,84
966679a5-19c4-445f-b64c-58fcd37d646c,bfb282d1-a893-46f6-b941-09b81fe57b85,2025-01-01,110,458,39
8224c484-b450-4ac6-8190-ccccc9f074b6,4843396b-02bc-484e-b0ca-6b6d99087dff,2025-01-01,5412,299,82
d1377151-ce98-4f8c-805a-df1469eb7d82,6050ae2d-9d6a-40b7-b782-fd365a022100,2025-01-01,247,903,2
21059111-8b49-4081-85e9-5fd55f858154,dc438e54-6408-4910-bdcc-a283e1644042,2025-01-01,7774,959,62
bfc2e93f-fcf7-4ca9-a086-79b99fa04840,3e754450-a85b-4012-86c1-8b26f5343775,2025-01-01,1641,145,9
f7d2c661-40f8-4d26-8d30-bec8af334f10,9d77346c-54b0-4484-b7cb-e4f12e174116,2025-01-01,3899,0,89
419bc4d0-d784-4f94-848a-9ad61203ebac,1c829cd4-496f-4987-8a54-917438aaf301,2025-01-01,6843,318,37
cd45b19c-d097-4b58-8c4e-d6e609af2546,4331c5fa-0c04-4383-82b1-e30894c79faa,2025-01-01,4290,336,8
8aa7f33d-f325-4de7-ad62-1cf77570d172,a4112674-617e-4aa0-9faf-a13ca1f02812,2025-01-01,7493,959,87
92175880-7d2f-4794-bfe0-44fe4eabc517,93d91e58-ef3c-4566-8c45-f9171dfeb4e9,2025-01-01,542,292,98
c0c1e56b-2f5c-43da-a874-49698e5d61dd,586d1ab2-f313-440f-ba47-140308c90049,2025-01-01,6456,229,74
f0490bb9-edd2-4f77-9b6b-ad3427aad2e1,805df634-a117-4492-88c5-f08d8b2fc31c,2025-01-01,8167,38,48
5bc227e2-f7e5-4f00-ac77-7969fbb1e62a,a4699779-a098-4753-b7ec-2ba4a83e7e29,2025-01-01,4520,390,99
1a0a7913-285f-441f-8d16-505d136873f1,e7b3c8ee-19f6-4f0b-82b2-e88e8034a988,2025-01-01,2922,161,30
2a96ef59-e815-4d21-9a23-31022c562550,7016175d-5293-48c6-8773-7907ea1ac9b8,2025-01-01,7188,482,76
c6ae2897-82d9-4d89-a68a-d0bec311a5ae,3e9cff11-3beb-40e0-aca0-1898e8225cca,2025-01-01,9141,353,8
d59be594-1db6-476f-b3a0-a99f8a041282,c83b141d-abc5-48c0-9c5e-6dc0abd90fd3,2025-01-01,6289,632,78
4839322c-10b2-4b70-9aa0-97016ed35f85,f96d2cd5-4651-4360-bd62-82cb356637b4,2025-01-01,764,867,66
55011bee-d102-4ce6-85ed-15546f3eb770,2a579709-6f78-4378-af26-8af60242a192,2025-01-01,2135,204,76
9b6fcf4b-e023-4926-97e4-29fbd125dd9d,a3eb895d-40f9-423c-aabe-9b3826bdff3c,2025-01-01,6834,522,42
aa7c3ccc-a638-4b92-ae57-1e9b84dbc296,72f4c6cd-700f-4135-8825-55d31a5fa624,2025-01-01,9532,471,91
a5693a42-e680-4787-be47-31d871cdd69b,c03272f8-2cfe-42b8-9adf-14749f833f38,2025-01-01,7688,439,66
3a99eb7c-c64b-4034-863b-8b29a82269aa,8bd1d385-c652-4689-9239-5fb3a21dcdde,2025-01-01,2467,880,52
d73ed80f-4cbd-40d2-b472-05b4a05d04d9,5f238014-5ed1-4fd3-bbf3-6c2a96aba666,2025-01-01,7246,335,97
daafefb4-ec55-4637-bb01-a2f1783ac740,0e406f0a-9d32-4d5f-9a5c-d7e0f2f64995,2025-01-01,2893,274,57
0b2b11ea-57b8-43a1-8dcb-f762448ae53e,f31ab9f8-0319-4e15-ae07-c64c9bad89e0,2025-01-01,8545,689,20
3b8744d0-9a52-440c-be66-e614606bc238,9d92b773-a7c2-4ac0-a4e1-f47b1fa9ef34,2025-01-01,7587,616,22
62e7032e-9f15-47fe-986b-70095d7a406e,3b6cca16-c7a0-4a2f-96a5-5b31b87812dc,2025-01-01,1459,811,59
3543e6c3-8da7-4453-a83f-75c2a8b6381c,3ef58dbe-e1f0-4c55-9300-33d90807c18d,2025-01-01,8632,837,41
00da5d80-e83b-4e39-b7ae-2a819f676ffe,f494af69-ae92-4b02-87c8-fec4bccf8a3a,2025-01-01,8305,200,66
74721887-731e-4a7f-80bf-58d82674efd2,f963496b-4b90-4402-a88e-364bdbb28cef,2025-01-01,3025,420,63
4a1245da-2ca6-4a19-b7fb-c9a98b9e5f24,8aad5a73-a27b-4574-9449-f71f670d8297,2025-01-01,6983,527,69
50675f08-e5bf-4379-80f1-f6ccf40e3fa7,68ebe2bf-1ae2-4373-bd25-92b14736f291,2025-01-01,5661,61,89
881df05c-0895-4620-98ca-cdade0117a9c,199cd37f-ae78-4fe1-ad8c-4e982e6cf385,2025-01-01,2874,972,6
fd725416-4891-40d4-a583-34f44e1809c8,8bdef72f-e5f8-47b1-8b4e-bf2c6fca9aaa,2025-01-01,3383,746,57
43b7ed2a-c341-459f-bc20-65ea216c34c3,04805723-e858-4e79-a23f-c9b482b429b0,2025-01-01,4688,487,51
81efb362-aa33-4ac5-a578-6a01718cce96,41c85226-edf0-4f3a-8c61-45e2c0b9373e,2025-01-01,5931,434,40
3dc58afc-6070-4b90-be85-90af75a1b90d,52023340-8b68-45f9-ae5a-3ccf76f5b732,2025-01-01,634,473,65
62650eaa-ac2b-47b3-ad46-6c6eb961234f,3fa3f438-cab8-4f09-b498-ed475a51db3f,2025-01-01,4925,160,50
d9dfa60e-1a9c-46a2-b6cd-f52f66f222b9,e422acaf-9fa9-4f6f-819f-5addbac28601,2025-01-01,3805,327,43
0f03b223-3098-4c29-97c1-9105cf454ee1,46063565-a3ac-47b4-a636-709751923d17,2025-01-01,8849,320,83
31cbfce6-eb91-473f-90eb-dfa23d959015,f4b8b23c-e4a8-4a37-8455-b22ee5c14c61,2025-01-01,263,298,49
beda6fa8-b162-4f49-810e-29aa963f4406,bf9d0e48-c136-4ecf-be3e-c8b5af25d458,2025-01-01,1741,3,62
069b28b1-d566-44d0-b5e2-35cd079b6601,9dbf19e4-2148-4898-bef4-f59f65589a60,2025-01-01,9638,764,1
43660ebc-40bb-4652-82e9-65727a2303a7,ef875789-6553-4db8-b19e-966474e7c6bf,2025-01-01,1297,291,91
78406fed-56da-4405-9dbe-37629574c111,daf72a1f-2a87-4cd3-977f-b444ccd0ba10,2025-01-01,5168,113,83
cdfc0e14-ee37-4d07-a604-8640e577545d,4f4a267d-8bcf-4580-a45f-7e62478207f3,2025-01-01,5138,617,80
0b197ab9-7c2c-4ecf-9f06-06e92d62ffa6,3e326d82-c76b-4775-ae1a-6f64c2eeaced,2025-01-01,4866,39,88
ab87e4f0-d71a-4915-ba51-01bf9f056a26,ea645528-3339-4c07-9c99-d6b95e331a9e,2025-01-01,8932,890,81
828fdd92-da95-4db7-8aed-63e6633d7617,90859dc5-f7c5-43af-9db9-3a4d84bb19f9,2025-01-01,3269,598,0
7cc3683f-8d05-416f-837a-4566c6819180,d3df1ad0-1fa0-4bd3-9ea0-59d36db80e4f,2025-01-01,3542,588,23
21a01bbd-3607-4f4c-8c1b-d96eb28f7e72,75f9afd0-8e79-49bb-b1ab-b3c53a973ae1,2025-01-01,184,159,69
04a23582-64f5-43ae-b544-997b5b2df82f,69a39a18-5f01-4a5d-bc02-43209eff9bb8,2025-01-01,4281,573,25
db5b4973-25fc-41d8-8244-70c90963cda7,c4369e95-3415-4b39-a50f-88f88c28d303,2025-01-01,2624,204,39
fb3176c6-aacd-4e32-a6c0-2002259cab6c,c8d78ac8-9f50-4876-adc6-97bf5c1befcd,2025-01-01,1890,376,94
89cd4e54-0df2-4434-ae0a-f8e7ff5bd747,1a7199df-7589-4fb3-81c3-480cf5ab446a,2025-01-01,5054,540,28
bf3c0ec6-f6b0-4680-9754-54d9676b8a1f,c9be25d9-5084-4473-b995-0d1f5a55104e,2025-01-01,9747,927,26
45d1e64a-28e9-42c0-a0e8-18a9eb166bc5,0fcc8520-f5ce-48fe-b7f6-09b56220b3ad,2025-01-01,4259,718,13
28a75b1b-9dee-4266-8326-333073fa0ed9,381e20b8-7cbd-4319-925d-19a6333e7eae,2025-01-01,5306,802,54
8ab337be-ee89-477c-8da4-c6bc3a4add51,19f63e70-112a-43c4-aaa8-36e7cff1f1b8,2025-01-01,1316,179,39
2ca7b431-9549-44fb-8759-72ad75c35da9,abc62556-ad9e-425e-a635-47f551273346,2025-01-01,4664,536,2
abd9f662-d4fa-4718-a853-8d98bd7624fe,c816e109-cb99-496e-8e5f-e40a4db7baae,2025-01-01,3817,69,14
53a8820f-a8bb-4f82-8f9f-108ef8008178,d49a69f5-d937-4b9a-be53-496bc5663c8a,2025-01-01,506,244,70
cb2bc997-714f-489b-b089-60ad57841295,d9dcae65-ae35-4a50-9e56-0c5a467de2d1,2025-01-01,3716,730,10
c055e46e-5aca-4eeb-bca3-57ba5b829403,9e15e58b-7b78-409f-8b0a-989f5d350967,2025-01-01,4515,957,13
37e2a8b4-6071-4e9c-8484-a0a1d5ec244d,54d5839e-6941-4380-b279-3a6d74006253,2025-01-01,2855,770,16
5e050e42-85c7-47ea-a331-75e91137789a,c83b141d-abc5-48c0-9c5e-6dc0abd90fd3,2025-01-01,7593,133,27
de9ef71f-424b-4c04-926a-4d79bf97f48c,b0319f19-107d-4448-9d6b-12424e61bff3,2025-01-01,8729,267,53
3587ebc2-2e19-45a2-8a62-01e72742d3f8,02a735c3-cd4e-43d9-94e2-29c21f3075db,2025-01-01,7168,662,4
dcafece9-87b7-4af3-bfdb-1642d8c553f9,7c727ad9-4df2-4e28-93f0-aac2adbe767c,2025-01-01,7279,41,54
dcb6aff6-1a83-46b2-a07d-e283380a69cb,a750a23b-85b6-43c4-9566-09e84e918886,2025-01-01,6408,296,10
de7e88b0-f025-4d9f-bc8f-3c7c8d51627f,0996d258-458f-4a61-b8e4-3e17f28ac407,2025-01-01,1468,706,85
ac0e8df2-56de-46c1-a94d-7ce1f78ce611,afd518f8-366a-45cb-b296-97a2eae9cfaf,2025-01-01,5668,517,91
1d12b0e6-e586-4f8c-8c5e-0bf980912250,3fa3f438-cab8-4f09-b498-ed475a51db3f,2025-01-01,4958,932,24
e665e5fd-8aa8-4350-82c4-4180d4e61558,c0681431-2e66-4eb3-885b-213a256e18c8,2025-01-01,4551,829,85
6ef89982-6e40-41b3-871d-077e9d625563,c5833dde-acf3-4abd-ac8c-c058f3019116,2025-01-01,5546,993,97
d040936e-1af4-40f9-bbaf-91ea7f0878d7,f992d12b-a879-404f-98bf-3ee8aa41752c,2025-01-01,1500,920,93
927908cd-fe95-4c32-be08-551c2ab949de,832428f3-6640-40a1-875b-e8a75b2737d8,2025-01-01,7150,969,90
bcc54282-3ec2-4a8a-a186-7cf398e9b689,e18b842c-c06b-4cec-b839-91d2d60031a4,2025-01-01,3697,565,36
e10085ed-9dc9-4794-a6fe-c41e675f2f77,4fec3222-cbc3-46db-ae02-6f808343b379,2025-01-01,1303,954,89
44f7c733-b3c9-47ff-89b0-477429a44b27,00de2e69-4235-4827-8274-2a12da1b8809,2025-01-01,2165,378,86
bd034fd3-6a79-479d-8270-905d65b842dc,1592398e-3459-4d40-84f2-6ccdad396cc1,2025-01-01,5032,802,91
5bd1eeff-6627-4672-8eac-df3d8ca3bac4,a6a4c7a1-630c-493b-9aef-e1cdc058eb54,2025-01-01,2035,767,60
6a8ebb1d-2f40-4e65-a706-34dea85b22b7,fe53f2c4-bf7c-490c-958b-cfa281b92526,2025-01-01,2743,396,73
28aa3b59-7e95-409a-84f7-e4ed2c094aed,72cc668f-c349-4e0e-9795-d8cd5c9ddd5d,2025-01-01,8958,772,1
07c0caeb-c9bf-468c-be09-b08a5c796e18,0996d258-458f-4a61-b8e4-3e17f28ac407,2025-01-01,9667,116,60
35558255-f150-488c-a097-2810553ae730,a0ed7453-3669-45cd-a21a-e811075d18cc,2025-01-01,3696,289,84
c785cbd3-3655-4fab-9677-9daca1dec970,281fd6c0-72bd-4fe5-972e-dd7dbc74ffc5,2025-01-01,9387,785,19
e84544ab-4871-43a7-9409-479b9c8ade6e,4331c5fa-0c04-4383-82b1-e30894c79faa,2025-01-01,8583,863,83
19705fdb-179f-4773-8bcf-8a07185562ac,ade1f573-aa6f-448f-be46-f2d5344891af,2025-01-01,8423,669,60
22d57921-9fc0-4c47-bb88-d494c97c15e4,6c8d84e0-e8b6-46bb-9287-5b6558bcc62b,2025-01-01,4993,212,1
e7ec4cbd-4b96-45ca-a62f-b2df4cd14f14,25155412-0b65-45f9-82ff-e8ceb45172a0,2025-01-01,1831,654,73
c0c227d4-3f51-4b97-8193-579d3fd74e01,586d1ab2-f313-440f-ba47-140308c90049,2025-01-01,8333,552,97
c00fc514-2010-4e99-b925-901ac40a1f64,ca142b0c-1c7b-4dca-8aa3-8b1fc3db5cc1,2025-01-01,263,141,82
cd8379af-233c-4e85-b22b-a75898893e9b,3ee53054-a2bf-47a2-ab00-4bdec3a809e8,2025-01-01,1326,456,40
c29967e9-8595-4ec0-a6d4-8387523d4944,412485af-3a3f-444b-9afd-70939627e7ae,2025-01-01,5891,176,11
b7f59ec5-9d1f-4ed2-afb7-6512d15860b3,c8d78ac8-9f50-4876-adc6-97bf5c1befcd,2025-01-01,448,684,86
ed69e124-cb57-46a9-87a1-8a0833942b3e,2fef14d8-8b75-49f2-ba30-7192df0d8f0c,2025-01-01,9580,939,16
6947a783-a7a9-44f5-b7a6-3540aff252c0,b62b48aa-35cf-402b-8bf0-cf27cfe20a25,2025-01-01,6563,699,69
f0e1db87-8290-40ab-9ada-bf9f0349add6,015cd931-586a-4e8a-a470-4cc058fc04fc,2025-01-01,9642,826,54
f33d39b4-3a2a-44cf-a0f9-8e783f2d87f9,1745e70c-0ac5-4ca0-8849-9a8224f22b98,2025-01-01,5743,898,43
ae882216-035e-47dd-a559-479b07fb0889,003fd03a-479c-454f-966c-6e44b3168656,2025-01-01,1723,931,61
939c8701-10cd-430c-bead-6c0571759ba8,d9169a3d-d07f-4edd-b1d4-bb32baa23405,2025-01-01,6804,946,3
70ad795e-4113-4cb3-ac6a-068bad454324,18dd1126-34b3-4ec7-a87b-1bfb7fb191ef,2025-01-01,2452,78,33
88e1a169-25dd-4462-a21d-3ecf764c5661,3dd0a404-b5e1-4cd4-bf73-8ed08430cfb7,2025-01-01,9823,840,63
e579ff5e-78d0-4fec-8638-fc127bf8f572,d47d1a51-a5e8-4cde-beb0-aa1408a3e25e,2025-01-01,1531,733,9
0d6b6c43-c851-4e8d-bd22-834cb1377fa3,e0e8d597-c20b-4350-9e23-e545a3c5d317,2025-01-01,187,350,24
73768fe9-0b83-4d1f-ad67-d30fba3040c1,1c209f10-6357-4ca1-9e2a-67a0ea78ed4f,2025-01-01,4476,116,34
3a094fc0-792d-4fb8-a292-2a9ecd2f4cad,c35d3f44-ea55-4a06-b52c-fe32e16a21d5,2025-01-01,7277,74,61
dcdfa0f8-21bf-4b83-b9ef-7ebf7bda169f,f3181698-6a32-4159-8315-139765d676cf,2025-01-01,5862,567,46
332c2a9d-a4c3-49d6-9bef-3cff325a7451,f1b9c77d-6e75-4800-9581-7a801de65757,2025-01-01,252,513,76
d47f2ff8-7626-47a5-b7de-450e86c93f5f,37ffe8de-dca7-4b77-996f-341cbb8d340a,2025-01-01,8357,56,63
f3091668-47c1-4f0e-98dc-ebcbea2f10f2,f963496b-4b90-4402-a88e-364bdbb28cef,2025-01-01,8938,240,48
8d88755e-814f-428c-aeb4-eda0f4a222d2,c20121ee-13c1-4273-92c4-1191f0fd29f8,2025-01-01,4253,623,75
2748279c-44e8-42d6-baee-1757f9ab92cb,43a30b56-833d-47b3-99ec-19139f8c6406,2025-01-01,6694,368,11
49542311-90a9-4789-8f5c-ec7a3085c93d,93a48a13-d889-430e-9475-4766a64432d1,2025-01-01,2451,702,34
be1e89cf-7557-48b2-8bd0-8b1a7a696e42,5d143e69-c5df-49d7-b3ba-01abc8fcbc5b,2025-01-01,9793,453,35
8a8cd88b-4938-41a3-a319-d1c235c102de,dba9df0e-a063-4ac0-8a66-e1ba447ec801,2025-01-01,3874,219,10
60476a3e-6a15-4046-9f1a-448d5bd793d0,79215c75-5239-47cc-ac96-8cfc8f0c02b1,2025-01-01,5013,16,79
e41f7e62-0573-436f-a426-56f0d1e6446c,ecbf6632-e552-4cec-a9a9-f800ac311eac,2025-01-01,7524,2,13
6c996e0c-63cf-46a1-bda5-7e55923bd22e,c83b141d-abc5-48c0-9c5e-6dc0abd90fd3,2025-01-01,8362,200,46
0648c372-318b-4518-859b-e4b4b03a405a,6552acb2-1260-4727-9913-539e108a6b54,2025-01-01,9294,810,93
7155da9d-cc80-488c-85af-56ef025654d3,ff2ad219-d953-48f2-80a6-b4a5405cb509,2025-01-01,38,602,36
22465b3d-dc2a-48cf-9365-caa7ed49db2a,e04d7da5-ffd5-45bb-a91f-59aa7dd44b41,2025-01-01,289,876,24
5ccba99d-e647-4cd2-b071-d80d9f158dac,b6e129af-fb1d-4839-b1a4-568a5ec2ffe5,2025-01-01,1504,521,45
e876290e-4584-4eb8-9ae4-a129ae48107b,76c338d5-e2d5-4436-8b70-7101632428cf,2025-01-01,9181,434,36
ac08fb28-8944-4878-84b2-327f5d6f1797,3564f8a0-5021-4c80-808e-26dd1021c174,2025-01-01,1225,676,57
ca07526a-0088-4c15-b476-125e401083fc,d736cf4e-bf76-4cc3-996c-8db1de150ed5,2025-01-01,5825,572,54
3997de1a-c9fd-4c32-b51e-70fa8ef1e4cf,e6d6344e-debd-4788-a203-aece2a89ce3e,2025-01-01,1700,700,35
62cdfebe-8561-4e12-8140-6f9718f2dd76,021fb4cf-d67d-4a05-8192-3ea31de9504b,2025-01-01,9948,948,42
1b3ef335-6019-4f47-8936-4ff84ece5a8c,92fb63de-f6a6-45ec-a859-cdda2fb3e616,2025-01-01,8491,797,87
978269ad-ac20-4a9e-923e-cde2af1346db,11b543d1-28ba-434b-b33c-b2d0a7bcd6cd,2025-01-01,6113,358,53
11bb305b-3b90-42e8-b14d-aba8f29214e4,01c3acaa-ecbb-46a7-a973-e4077883dd2c,2025-01-01,3726,742,20
d574461d-0ad2-49a2-aa6c-c246a85c6241,47c24d6c-3948-492c-b733-03fbe2dde8ec,2025-01-01,2915,892,91
2fcebbf6-fed3-46bb-84b9-a4a22175ef7b,cb4bcf8b-f6e6-41e5-a480-9714d392c485,2025-01-01,7599,993,44
e9a416b5-d919-4c90-baaf-0d2ac4341f26,a731301c-56cb-4409-a4da-9aed7f6ecfb6,2025-01-01,5357,192,71
08a76854-42ae-4765-95bc-0496d1cd78fe,c33570eb-e055-4a03-8a29-49654504a19a,2025-01-01,5986,844,64
057bf411-afca-489e-a414-2b10e8161c8a,3dd0a404-b5e1-4cd4-bf73-8ed08430cfb7,2025-01-01,2457,225,83
2d0cb733-f2b0-4f49-95a6-68a1c3f0d4cb,3b639d41-a36b-41d8-97d8-68988234e90c,2025-01-01,9661,416,83
75b42d9a-9624-44b7-ba03-18474747a7f0,61746eec-2812-4b19-89ad-26b9b576776b,2025-01-01,6205,495,63
968fe109-a7ba-49e7-9e70-b006c5e21cb2,d1630440-b72c-487e-b308-d3b36cfa2bf5,2025-01-01,8614,907,9
c8e6ea52-f453-4664-ab1f-41dac5748445,1352790b-9991-4d2d-b670-cd584b41bd31,2025-01-01,1429,722,48
71c57776-3ed2-486a-83c7-67b91f22aaa3,d1e0228e-e3e8-4f33-9c3f-6a1c49cb966b,2025-01-01,308,931,36
0f721bef-69d7-4040-9414-4cc703195119,f963496b-4b90-4402-a88e-364bdbb28cef,2025-01-01,4199,232,44
7f4b682a-0285-4152-9658-ccfaf9239339,2cf78079-24aa-4824-815c-3ff4df211a28,2025-01-01,2734,416,55
64f0b389-8f56-4b6b-90a3-cc5004751370,f1b9c77d-6e75-4800-9581-7a801de65757,2025-01-01,9289,227,59
58d86088-c6fe-450f-8a86-dcb44f0e7c6b,1c924d30-3136-4ce3-b621-a13415f3a7c7,2025-01-01,5112,713,98
968e7bf3-6d5f-49c3-9d40-0e88842a3b0b,f6d58102-7aa6-4c89-b9ea-ce5010429043,2025-01-01,4463,778,37
f1c31720-5bf9-4384-bc87-7b178f54e017,43b68325-b0fb-4837-8e97-e249f69cf0eb,2025-01-01,2248,322,20
1fffa034-586f-49d6-8b2f-cd3b6f7b832e,5e548f89-e441-4047-a424-d5fd15c82bb3,2025-01-01,8044,638,47
febc7288-3212-49aa-9b02-526e0dd677c7,2184bbcb-05f7-4255-9f6d-6aa082867726,2025-01-01,1532,173,34
408df71c-1690-4199-8b79-7171290e78c7,6abb74db-00ad-4e64-af26-b7c25e50918a,2025-01-01,703,175,24
6fdaf982-a9c1-4614-9977-f774aaf794fe,8af7fc01-e887-41cb-bbec-cbddfafa0c64,2025-01-01,7440,504,82
ab4cc619-e8a2-4a2b-9e17-559361c8a6eb,6de44ff4-1573-4c85-8366-cfcc5de9fe1f,2025-01-01,9179,379,61
1fe4512d-dd32-434b-bd91-618a465c4c0c,11123104-0689-4fc4-880d-792fcba677d6,2025-01-01,742,973,54
b971f3a5-4cd9-48d7-98f5-f59d4421d122,ce16474a-994b-439d-aedf-1d4c0fcbcadd,2025-01-01,6808,174,40
87ce5e62-d85e-4fae-8f1d-a1d0fa8fc119,c260d3d5-ee8b-4f44-8359-2eeb6ae90261,2025-01-01,9475,294,4
27333991-926a-4a48-af7b-4fd69f3a913f,b62b48aa-35cf-402b-8bf0-cf27cfe20a25,2025-01-01,8578,945,69
87cd00b0-a766-47e3-a187-fe7e79c4856d,45577a26-f1f1-4f46-8b29-3957746c3fb7,2025-01-01,6008,403,23
7dfea6b9-4993-45c2-bff4-4d30e7c26d3f,68ec07ff-c21f-4b44-b55f-69f5f05caaf7,2025-01-01,8439,933,96
bf8e9c79-d5d7-4b40-8455-6033699cc2f9,557ecdf5-c210-4eac-8a34-1c18bac39d02,2025-01-01,7135,547,19
f7b32af8-7709-4107-88b2-ff6b211fbfa7,b80578c8-4017-4fd3-8d56-0afc413274e0,2025-01-01,3908,757,19
152a9020-2285-4da0-9b63-7993c9471afa,3f7a6daf-2b64-425a-912d-b136febc7244,2025-01-01,23,421,1
d29deb91-94b5-434d-b777-56a02773953b,5c01b760-cf2f-4d3c-ab00-6aa23aea2d17,2025-01-01,4896,16,71
a81edb1c-35d6-4715-86cb-f99105057aaf,8f935be5-13c0-4d1f-bcd6-6c98b882ec74,2025-01-01,1429,176,6
f87c8c90-850e-4593-8861-29e5d0b72f97,2e7c507b-eb5a-4bf1-963e-478758c2409f,2025-01-01,3384,9,14
01012b9d-7fbc-405d-817d-a5ab6b284972,a82ccd72-bc46-4bb4-ba62-401e37b606bd,2025-01-01,577,197,14
64fbaaf4-4ecb-46ae-a341-8d13bb1a17d3,c03272f8-2cfe-42b8-9adf-14749f833f38,2025-01-01,4733,909,52
07213f3f-70e0-4bce-aa5d-69b406827363,4d5c6142-fe51-4b83-9ffe-6ca3b11a723e,2025-01-01,7861,114,79
9ea7a20f-6f0b-40ae-b1f3-6fe34966a534,6af7e714-1d50-413f-a1fe-c7e7998bb209,2025-01-01,7345,580,30
5e073667-3d92-4bc8-bcd7-2b0618132758,cfe4a590-20ec-467e-9226-ceb9fc343c39,2025-01-01,8181,529,35
ac3b5e15-3647-4f62-91f8-7aea5c3600fc,652177e5-22a4-44ef-84e0-296aa5ad1463,2025-01-01,2552,314,27
0484a2a2-8a2a-4573-9d42-9cc0409b9c74,146bc27d-00dd-4454-918d-9a762fb4bb01,2025-01-01,4463,328,60
ebbb11ad-7d24-42e5-bbb6-02d7415d3ceb,6c23353d-69e3-4e15-90c5-990e19a7e24e,2025-01-01,3458,142,19
f637bc38-efbd-4577-abfe-750407b00df0,ce298cde-fbea-4556-a9ad-f0613a0498c9,2025-01-01,9800,559,91
6f00050a-e583-4fc8-b6e0-d6d61fd213f5,22b7be10-8fd9-4c3f-9dc2-60b7cf97e02d,2025-01-01,6110,221,6
0e04ab4a-791a-4277-9235-771b59576d03,54d5839e-6941-4380-b279-3a6d74006253,2025-01-01,2597,29,77
d402bbae-9faf-4f0c-ac6e-eb71f7c7cd89,ae204e79-e6f4-4c04-9a52-e5664c89699f,2025-01-01,8352,729,92
4f033b20-7459-4a48-947e-09f45add3d37,681d7b7e-a9b4-4349-ab3c-9d8318032007,2025-01-01,6340,481,45
4cd58792-4ced-4426-8d62-1456e37c4e64,e7b3c8ee-19f6-4f0b-82b2-e88e8034a988,2025-01-01,9902,482,72
3f4d5ad0-447a-4ba3-a539-91ed870507f6,20e7d7f8-7968-4885-881f-edc34502bad1,2025-01-01,9994,544,29
b58fca25-5cc4-4772-b96b-9e2da168c2bc,b5cc4593-58c5-4acd-a355-253f2fe06d1a,2025-01-01,593,267,69
0b33497a-5da1-4980-8fd4-73eef82c26c2,95d9e69c-258e-42f5-ad30-7e51bd0809a9,2025-01-01,7366,685,53
40b4e5fc-8689-454c-9462-e416bddd6918,17a3088f-4c1a-4ffe-a5a6-2b7e115e5be0,2025-01-01,6930,232,90
79cf656f-6ec0-4312-83d5-6a858159a09f,1c829cd4-496f-4987-8a54-917438aaf301,2025-01-01,6835,97,56
4502b58b-48e3-4399-8d66-127e839f3660,a871ed35-cf34-4053-95cb-59a2f65b772e,2025-01-01,9929,660,36
801c1b7d-6d70-4ab1-b552-abc7444d703d,d88bd9e9-ba7d-4ed8-a0f9-f44ca7b4f797,2025-01-01,848,369,48
1856a56e-72b7-4399-800a-0a8917199884,4845e41c-5f3d-4b2b-8d27-644f7dcd8519,2025-01-01,4257,428,8
0cf4ae11-3f78-49aa-9dc1-7fea1109228c,12449902-3baf-4c70-b547-7206703ee1ac,2025-01-01,1641,606,41
6f87efde-fae5-4286-87fa-43cb74c05980,95d9e69c-258e-42f5-ad30-7e51bd0809a9,2025-01-01,2697,640,90
2834294b-230f-473a-a6f2-662e8d972755,95d9e69c-258e-42f5-ad30-7e51bd0809a9,2025-01-01,9116,639,61
e2fb7258-3853-439f-92c6-74578b20fed0,54f0e562-8e06-4c94-80fe-a910cf8f85e6,2025-01-01,1440,762,90
b77a9e75-8003-45e5-ae14-3e4834349732,aeffcc7d-e5be-4c38-80dc-01eb98f6fd96,2025-01-01,7870,785,19
05a3d233-0dd2-4df3-8968-d7703c62192e,6395e7a6-2f6a-44cf-80cc-ffdc4f8ac216,2025-01-01,7075,907,18
8d44d992-d064-4660-a298-7c565efcb587,32656fa6-ca68-4cec-9e19-5639ed0db3fe,2025-01-01,4972,253,32
e3e33133-50b4-459b-9b0c-25847c65b403,e6b3b1c5-3c85-46dc-a77e-b031f78dfea8,2025-01-01,5081,106,60
cbe7e286-10b5-453a-82df-7d78760b6b13,b80578c8-4017-4fd3-8d56-0afc413274e0,2025-01-01,5456,897,9
223b3734-7a6b-4a19-9f44-2aa3b4c209bd,cd53b6d6-8b0c-4f5a-b914-62b9f87123d4,2025-01-01,9776,611,50
64f88b89-3218-41da-8f39-aebbbc2755d2,ec47b4bb-4fc7-472d-89e8-47804fa8e612,2025-01-01,9762,15,39
755d944c-260f-42e3-8a7e-4354c886d011,5d66bb31-1b26-4a41-b20e-c320982d5f15,2025-01-01,1655,250,1
792ae045-f780-471a-9beb-a05b94fd9389,0910c623-1eff-45f2-be93-e4b618cc64ee,2025-01-01,4690,114,36
6ed63f67-3ad5-40fb-ae6e-03d9aa7d1607,c20121ee-13c1-4273-92c4-1191f0fd29f8,2025-01-01,7073,65,58
9b1e1331-5c6d-4d17-9fb0-10fdf634185e,b585ac00-25fc-4399-979e-3f3b8e60ff09,2025-01-01,5781,419,47
5946e9e2-41d5-4792-9232-a87ca47738f2,935ee0e2-d86a-4054-a3b5-02aa2770415a,2025-01-01,9730,180,38
6f96a364-d466-421c-81b0-067233613ff0,092f4bd7-f19d-4f97-a1cd-c1b1f1b2afb1,2025-01-01,9820,801,15
5dd7f153-cfd9-4f95-82a9-39efbc260a8e,bf9685d6-dca1-4d51-a9d7-45353fc6adfe,2025-01-01,7755,745,96
bf5a6c35-d1e1-4d9f-b99c-f63c45893065,64c77275-40e3-4fdf-b4f9-ab87c64ec11e,2025-01-01,7848,972,23
90a4c5c4-af71-4390-ba79-0a326a5a831f,d71b96f8-a36f-4d3a-8bef-77350e5cafca,2025-01-01,9364,338,1
05edfde1-81a3-49c2-9ee2-2e6e381fc954,003fd03a-479c-454f-966c-6e44b3168656,2025-01-01,1280,628,82
f9f9532e-415a-4a72-9c03-25829ca38160,d3474b2c-a01d-4a23-9ca9-5fee7879188a,2025-01-01,5381,611,85
149e5a56-5b4e-41f1-804d-ac79a5afb2b2,3564f8a0-5021-4c80-808e-26dd1021c174,2025-01-01,3949,340,30
2ae3fe67-b605-4d7a-afb8-408d7a540d98,a7bdf035-3d23-4837-80fe-20f5f80f4371,2025-01-01,7389,600,19
f8b75936-3f0b-477a-863d-fe1bd04f84f9,4fec3222-cbc3-46db-ae02-6f808343b379,2025-01-01,6782,621,67
2c30ba49-5131-4e30-b024-48852ca44028,1a822132-adc2-4e40-8932-2ff7ee571089,2025-01-01,571,277,40
817df16d-5ff2-46e9-a603-04776d32d9fb,c9a095ba-7910-4ca3-ad92-0deb05746b84,2025-01-01,8308,360,43
9b3191ef-3292-479a-baf1-b63d94e4364e,5f99d8f3-27ad-4a47-869a-1cf2c607804f,2025-01-01,4145,359,54
382c25da-6beb-4ec5-8074-78cff5a70b6a,f42ef134-9ad9-4292-92cd-aff7160a422a,2025-01-01,5025,729,54
3d4488c0-e619-4e41-bbfa-7190e52a99f8,33f7e2bb-4d68-4b31-814f-b0ae36470586,2025-01-01,2568,429,22
034b6d90-a03f-47b6-84ab-6c6a83df822c,d249c665-0a40-4035-a980-9e6c94274587,2025-01-01,6260,382,43
5a8b8cb4-25a7-450b-8052-08ee576d6050,1803360f-9744-4fb7-ae36-f68dae3ac544,2025-01-01,1739,501,87
9ebfc1f1-ddff-4b31-8c5d-9740ec49cc16,33329b71-36b2-4bcc-bbe2-553c8ee84832,2025-01-01,1288,742,73
da57710c-e33a-4d58-a0dc-a2f7a460b7b3,38b1b216-5f76-473c-9686-80400d72f5fd,2025-01-01,8618,576,11
e5810f99-32ae-48f5-b658-24db212851bc,5d143e69-c5df-49d7-b3ba-01abc8fcbc5b,2025-01-01,4843,820,98
a4a9534f-5309-481f-8f03-259f3c1898a8,f3225be3-5b85-49f6-9783-c67f82126202,2025-01-01,3848,176,43
aa20544b-a5bf-4136-bd73-5295af8384c3,1adc0144-bbed-4ef4-999d-9168ab3b0a26,2025-01-01,8371,224,23
df2cf8f0-f7a9-4768-ad67-963e42deec5d,a488eca7-6c54-465c-9d1c-9f9aaa02cc40,2025-01-01,7402,380,71
1c9547c8-396d-44ff-bcd8-1598d7776d5f,74708ee0-7548-414b-8860-d313397486a5,2025-01-01,1391,271,59
b998b229-12c3-485d-b2a6-866bd548a14d,ba57e605-db3c-45ab-9f9b-d65e6f11ea66,2025-01-01,8017,378,51
d7f6fa64-a68e-4c48-b4ba-24aecf6edfdc,a9c505be-f337-42a2-b238-5d68460e8337,2025-01-01,8883,973,53
f0ec3948-f674-48b1-9d07-e2740578aaa3,b7aedb50-01bb-41c6-8282-58684b0e0b51,2025-01-01,7282,858,90
b1bc5e0f-7a7e-412f-918f-be364bdd5bd8,935ee0e2-d86a-4054-a3b5-02aa2770415a,2025-01-01,1340,13,95
4987e941-02c7-4fe4-8a05-216cc4b717f0,241591b5-5d62-496f-a469-1879aac6e98b,2025-01-01,1543,327,26
84fdc397-09b1-4a91-a9a3-597b80bb7af2,b94c8a1f-fe7c-4877-8bc5-c7ce8eb771d7,2025-01-01,3395,742,8
39659181-97fc-4af1-82e0-03709465195b,557ecdf5-c210-4eac-8a34-1c18bac39d02,2025-01-01,4037,389,38
00039c97-996c-4887-93f3-e42121c6452a,a7bdf035-3d23-4837-80fe-20f5f80f4371,2025-01-01,822,348,78
47753b61-c1f3-49eb-b102-b9f42bcc0430,49f8ed8b-6ccc-4a39-be02-76132ba56d3d,2025-01-01,290,422,18
839642e0-f249-497c-a2de-a97f3ba26201,f1c9a543-696d-44ef-960f-b52249d21ad3,2025-01-01,2705,275,18
ca1c4ca8-6cc7-4774-b147-b9da433298c4,518ce431-0a92-4b5c-90ff-a28f8cc3e623,2025-01-01,9126,399,87
945218cb-bc47-4219-beec-cd2659c05878,bdce040e-3b5a-4dc3-9479-aaed52aa5252,2025-01-01,1866,286,14
b7b1df4e-dcf7-4abb-9360-63a81a6bb7f0,183c6cf2-39a0-4007-afc7-f811c30ec2db,2025-01-01,9575,531,8
fe9c7299-6ae1-4a40-8c35-0a50a48879e6,b27cccff-4b45-41ab-a81a-8f43732f0abb,2025-01-01,1519,350,69
e02ce8aa-b9bf-4c90-b627-40c18012de42,b3853a75-9ce9-409b-a376-c415766a0128,2025-01-01,7770,783,57
6aa89aaa-9afa-481e-bf9e-0aacf40604a5,b563a5f5-7b75-48ba-a21d-2780b2c6de7c,2025-01-01,1240,520,77
5072a7d5-136c-46b4-87e3-f4f70c26c341,3ee53054-a2bf-47a2-ab00-4bdec3a809e8,2025-01-01,1136,627,60
927a64ef-f1a7-4013-9055-5941215fc7c5,1a822132-adc2-4e40-8932-2ff7ee571089,2025-01-01,6125,761,54
d0496229-eab0-438a-b04c-400438841ddf,a0ec8e6e-777c-4b26-86a2-6fc8471bafaf,2025-01-01,412,300,22
fbabf537-08e3-40a1-b7ae-6822689f2053,374593fd-d769-4b71-b302-eceb0a2c209a,2025-01-01,3599,238,64
ad7f86a6-2dbd-4f82-a69d-f8a694b77104,8d5edca6-a871-4517-ab05-3516d5f08ba7,2025-01-01,5185,248,56
c5abde6d-970a-449b-9da4-a68cf698d876,7189b766-e6fa-4373-8703-8ac0de824398,2025-01-01,2502,950,76
db301acd-3f2d-4a8c-9fdf-735be117b011,a8ec983d-0ba6-4942-a674-9b0d09eef5b5,2025-01-01,8274,777,59
f12d16e7-22ee-4f53-848f-3eafebd4848d,7c727ad9-4df2-4e28-93f0-aac2adbe767c,2025-01-01,7990,763,28
f142e614-24a4-49ab-9c71-f258d1a8b59d,bdce040e-3b5a-4dc3-9479-aaed52aa5252,2025-01-01,4238,126,6
2d7fc3ed-7e0d-42b6-b233-58a0fee05d44,17a04c75-4371-4c47-bbb2-8156680b42d8,2025-01-01,1104,910,43
1f8d57bd-8018-4c6f-b50b-ac7c5bf320b6,04805723-e858-4e79-a23f-c9b482b429b0,2025-01-01,3105,574,96
44823999-24db-45d0-bbc1-a3e3bbe3756c,f786c4d1-c5cd-48f9-a877-e53a7abb595d,2025-01-01,6684,628,46
8ae7c992-bd68-4480-8c25-8a6154ffa6aa,1e2e539c-7bb9-4de8-bd35-50917f3c9a2a,2025-01-01,8376,151,68
d36c1078-59bb-4afb-8bf8-2b05224a7747,c8e77a06-25d9-41ac-b889-2c764930d5da,2025-01-01,8261,627,46
281860cc-7260-46e4-be20-4372b0d183c9,c5833dde-acf3-4abd-ac8c-c058f3019116,2025-01-01,6473,439,16
feef6b87-e342-47ff-b109-e35104b1614a,2bf9d5fb-839a-41f8-bd72-b6b39206a13c,2025-01-01,3443,326,5
e045a563-c26a-4dfe-9c5b-4eaf336ef810,a4112674-617e-4aa0-9faf-a13ca1f02812,2025-01-01,7127,468,85
60f40465-5a1a-4ecf-a543-72e52e802365,13a2da21-833b-48b2-aa05-9cfcb1e3592c,2025-01-01,6743,652,10
c741def4-f7ca-4a30-a7f7-7864966a5257,96869474-e1a1-4ea3-849e-c64fc6723f57,2025-01-01,8372,896,52
d1b29615-404b-4f66-b879-75685064263c,edeca2e4-2ff9-404f-9a4d-d143fbca3e54,2025-01-01,5883,812,35
189d9219-0aa6-4161-a13e-433cb30d87bd,f8231252-2816-418c-b529-3026cb46c3bb,2025-01-01,9296,418,59
bb9b01cd-6d54-4fd5-90d6-29063c547f52,3e019f68-e128-483c-a99a-cd876c7e9e9c,2025-01-01,8355,746,51
91ec31f1-5d15-4087-93e7-92fa7f609729,8e2eee20-eb49-4f85-b050-134083317659,2025-01-01,982,984,7
0db29c1f-b977-4025-8934-b0c752643599,32f74677-10a9-4b21-b1d4-089940e51015,2025-01-01,4927,7,22
4a48e303-6d58-4ef8-abc1-d7289b185ed8,96db6fed-314f-4fe8-80e1-38e081f52d5a,2025-01-01,2632,825,90
54cafb8c-ed25-4221-96a4-a6227e02600d,183cba41-aefa-4edb-822a-a66bcc819102,2025-01-01,5876,846,89
31890007-d92a-48fa-95ea-3156b2820f83,e6d6344e-debd-4788-a203-aece2a89ce3e,2025-01-01,2907,55,69
4f86357e-c1b2-4d03-9862-af89fc608710,8a395b7e-9c66-4785-99d9-e143f9f1ac8e,2025-01-01,3624,952,39
d09ee5aa-eaa5-4ccd-a953-530b0246af7d,51d2a450-c9f9-4ad8-a9b4-81ae29bb4457,2025-01-01,9555,733,52
65030fa7-a65b-486c-b941-178daa24ca1b,20d88bd7-80f7-48b8-9b14-22269082d529,2025-01-01,6137,481,41
0d252be1-39cd-49c7-ad9e-8e21452b4fc7,bc09222f-c775-41da-843f-fa5ad2a5222f,2025-01-01,6993,519,91
156808c0-bffc-4910-baa4-335c58d50d7e,0996d258-458f-4a61-b8e4-3e17f28ac407,2025-01-01,7425,775,92
d75e23f3-19a2-4925-9f33-a3e5e7b60193,7587611c-041c-4289-9cd3-1942e660d75c,2025-01-01,5065,26,18
c2c912a0-3e98-4696-b428-b0b798e79db0,d9169a3d-d07f-4edd-b1d4-bb32baa23405,2025-01-01,8102,304,61
711f59e4-6e28-4fe8-bd26-bf5fc7e49e7a,a1077de8-df92-4642-a83b-68d369342932,2025-01-01,4372,302,43
32479a42-3004-409e-a457-e1258c97d616,551e8e86-4eb3-4cf3-ba1a-d796b7478cdf,2025-01-01,1519,411,77
4e46c311-d309-4611-85af-dcc09f7f29f5,408ff674-cc74-4356-a3b0-a7ed719134b9,2025-01-01,7779,545,43
70c5f316-4899-4bfa-babf-44525fedc2dc,6552acb2-1260-4727-9913-539e108a6b54,2025-01-01,9810,530,58
563e42ed-b688-419f-a534-eb9ce6371213,59b6bacd-aef6-4406-9bc5-136a8a793915,2025-01-01,5080,837,17
b65a70c1-f303-436b-accc-1957a52c58e2,d249c665-0a40-4035-a980-9e6c94274587,2025-01-01,6195,533,2
dfc716d0-58c3-4f65-9463-20808feb8f99,ef875789-6553-4db8-b19e-966474e7c6bf,2025-01-01,3395,452,30
e4132370-a844-4d75-8914-87d33f09febf,2d3e5099-07dc-467a-b90c-d3803f48b37b,2025-01-01,930,14,73
516c1d90-41ec-4018-b8e2-6bb0d4fd7887,afd31e20-d2c3-4b3e-a6d3-31d7cd3fcde1,2025-01-01,4369,702,45
3124c27c-0680-42ec-9199-856905cd430c,5b89848f-1169-4afc-bcab-e8a6e5eb719f,2025-01-01,7441,145,50
6c2a28bc-a9e9-4fbb-b634-1bb3fab182fe,d7b43af4-912e-4116-ab7b-55f5f88f07dd,2025-01-01,4803,764,41
f03ea3b4-08b1-4e8c-98ca-ef83056c0f2c,3dc4d808-882d-4eba-a666-54de9a4390cf,2025-01-01,4855,6,14
98d33843-52b3-49ca-be61-e8f646f43c31,b29586c8-2162-46b9-9d98-124ef8edd527,2025-01-01,3416,150,13
aae33cb2-3f58-4ddf-9cf7-175fdb055d2f,f992d12b-a879-404f-98bf-3ee8aa41752c,2025-01-01,1316,705,86
f965f6c5-fe03-4f8c-b7a8-3cb6d8fb0fe6,e3e00b5d-6736-469b-b889-6032612c3576,2025-01-01,5038,156,27
a584d335-9102-491a-9193-926519066330,b4f539b8-b889-4636-ac09-c0b20a603fa0,2025-01-01,7979,640,66
bb005e38-4f67-47ec-ad40-92516a232a28,cadf7289-390b-4c14-bf72-7000d40c66b0,2025-01-01,1344,595,98
134b1d13-a92e-4c45-ab3e-801c0a9855ed,60978f0c-398f-4f2a-b6b6-58220f7af9fa,2025-01-01,4670,49,52
77ea0e80-714c-495e-90de-d70935c63513,1a7199df-7589-4fb3-81c3-480cf5ab446a,2025-01-01,8193,296,85
348397d2-42db-4322-ad34-df1ce85ed2fd,12449902-3baf-4c70-b547-7206703ee1ac,2025-01-01,973,726,32
9cf76a8b-a432-41a4-9dfc-4057286f27b7,a750a23b-85b6-43c4-9566-09e84e918886,2025-01-01,650,64,4
ac8835ee-2499-464a-9bf0-012297073a98,f8231252-2816-418c-b529-3026cb46c3bb,2025-01-01,7358,718,53
7f37e44c-3568-4f62-abbf-46c0704be133,09b81fdd-8408-4930-99e8-ce26e1e093b0,2025-01-01,6024,911,90
5b6f9acd-b748-4716-8003-59fd381d6b82,3c6210b7-5f94-44c6-8732-40112697f691,2025-01-01,2311,547,62
bef6dfce-c7b7-4c95-8feb-1a316ba12001,925e4e39-2570-4d67-8183-df75e352d89f,2025-01-01,8348,479,99
704ddb5b-e9d5-43b5-9d3b-d4de4b0ba8d5,59d9957d-e20b-4305-839f-6f25486487f9,2025-01-01,9846,547,53
4cd69aa8-47cd-4b48-889c-0507895ed437,74192831-ced4-4c7c-98a6-f67de683f798,2025-01-01,3824,384,58
5650243d-5ab0-4475-bccd-818f4dd39d1c,b1132461-734f-4952-9fb4-114a2b20cc07,2025-01-01,2951,801,70
7b2bdad3-ed49-4ab3-ac46-c4f824526fdc,4843396b-02bc-484e-b0ca-6b6d99087dff,2025-01-01,2417,746,12
abf1b34c-0ca2-4449-85f0-b789577838a5,25d97edd-0bd6-4e28-bfd9-d4b4ace9405e,2025-01-01,6301,58,4
f57848da-eaed-4779-b43d-e8483f0a0501,cac82456-4256-44a5-873d-fdd0b2bdc230,2025-01-01,6056,989,20
3045435f-3239-4b0c-9473-a1ce5447d8a5,026d1698-47e7-4e64-bdad-54cb153bf5a8,2025-01-01,9560,732,98
fb064b78-02dd-44b1-a528-1b290ad6bad6,00de2e69-4235-4827-8274-2a12da1b8809,2025-01-01,8663,697,79
870b269a-830c-4eca-963a-0bf11c86108e,3dc4d808-882d-4eba-a666-54de9a4390cf,2025-01-01,1296,680,10
cf92b304-f5fb-4d25-a67e-125311f3b73b,6b3da84c-292d-4f01-8d88-f66484594496,2025-01-01,6949,13,42
b2d4f032-5de6-46f4-8e02-3a87475cad07,96869474-e1a1-4ea3-849e-c64fc6723f57,2025-01-01,2753,801,90
5e6ec932-eddd-4bfa-ac96-d5118763bbfa,a871ed35-cf34-4053-95cb-59a2f65b772e,2025-01-01,4097,774,14
4d7a6eb2-577c-4171-b765-cd9618d12f64,510fbad2-c593-40a8-883f-01fe8413c096,2025-01-01,2103,641,48
a7698737-238a-490b-9796-4478513c35df,17a3088f-4c1a-4ffe-a5a6-2b7e115e5be0,2025-01-01,9026,751,98
8957d837-dbb6-4846-97b6-997c9ddcfd94,92fb63de-f6a6-45ec-a859-cdda2fb3e616,2025-01-01,7369,489,69
78bc1123-18a9-4cab-854f-1ea00708ecaa,d249c665-0a40-4035-a980-9e6c94274587,2025-01-01,3205,263,89
8926fd34-d182-41a6-84ad-402c9704faa9,dc438e54-6408-4910-bdcc-a283e1644042,2025-01-01,5320,798,20
80be1435-f419-435f-9f1c-495262a04a51,7450a37d-03e2-435c-a5cd-d9ad0ea94509,2025-01-01,899,813,94
f0566dd7-74b1-4cd1-bbcb-e26ed91bca4a,ca142b0c-1c7b-4dca-8aa3-8b1fc3db5cc1,2025-01-01,8597,82,81
ecdf61c0-83c3-4b1a-9017-2cd793513beb,caa375e8-be80-45d5-ab34-24ebc3d00b13,2025-01-01,1898,954,58
f82edb28-2665-4495-a4b3-70f820025afb,278380d5-c6e4-4385-b3d6-cf1abf9493a0,2025-01-01,570,948,91
849bbaef-9a70-43d2-94e5-5a7287789687,3c6210b7-5f94-44c6-8732-40112697f691,2025-01-01,334,460,93
ed05a5e8-aec4-450b-b27e-eb5d951620dc,2dcb86fc-9eee-4ae1-b9bd-e563cf541b7c,2025-01-01,5472,62,17
30190f94-1591-4a42-b3a8-12b9e41b52ff,45041e05-cb56-4cf2-a678-5f1a0f86e24c,2025-01-01,5917,800,67
7455abd5-dcaa-4ace-8cb1-bddbb8b38af2,4323c02e-f43e-4bc6-8478-4eace2042353,2025-01-01,984,483,47
c8e6c4bf-8724-468f-ab46-12153e571197,a9c505be-f337-42a2-b238-5d68460e8337,2025-01-01,9341,181,93
839b708c-c8eb-4d42-a253-3b598d7866e6,11b543d1-28ba-434b-b33c-b2d0a7bcd6cd,2025-01-01,408,419,75
0da8e908-880d-4481-b89e-09c96cdca256,25d097ed-131f-45c2-9a43-62595431f115,2025-01-01,6716,810,79
3aa66128-837a-462e-b069-4a2a9bab0830,1e700d73-c3fd-46ae-a6a2-e1c2aa3d2568,2025-01-01,518,403,47
84a9cd3a-5015-46c5-bec1-03afd8a48bcd,2f01783c-a8d2-4e57-a121-6de7bfc2771f,2025-01-01,8951,776,56
87c098b3-8ece-42eb-8f6c-b0709a4a8a5d,a9c505be-f337-42a2-b238-5d68460e8337,2025-01-01,8711,565,94
864e2f1b-5fc8-4c72-80f0-9b93544631d5,6ebd7b01-4f5a-4650-953e-782f62cb53ff,2025-01-01,5198,305,3
106d47e1-15ca-4e2f-b3bc-85a5fc59c7f3,e3e00b5d-6736-469b-b889-6032612c3576,2025-01-01,7117,10,46
2c4da4ae-1700-4a03-9438-55717538462c,5d143e69-c5df-49d7-b3ba-01abc8fcbc5b,2025-01-01,6511,379,82
832e8ba1-65f0-46d6-b614-95b5251bdb8c,8d47e505-68fe-4f2e-a6aa-b5f287d5df04,2025-01-01,5282,560,52
27e37fb7-8fb8-41bb-af50-533614d36344,21433cb2-4623-46ea-820c-61453aa6e757,2025-01-01,944,519,37
9ee179d5-d29c-4006-995f-9159abe4c889,2f01783c-a8d2-4e57-a121-6de7bfc2771f,2025-01-01,768,117,67
0103234b-a5cd-4ffa-b0f8-84eda8aa06ba,2dcb86fc-9eee-4ae1-b9bd-e563cf541b7c,2025-01-01,4838,10,24
17f09f8f-8dec-4555-88fb-5cf7ed75b40b,06341667-8798-4bd8-b3fc-5461af632b15,2025-01-01,1935,610,60
5f9ba747-d575-4a76-a4c6-0a09a8c77708,b6b687b2-66cf-42d1-9cbe-3497769e5b49,2025-01-01,3786,180,57
d18cef68-5374-4869-b064-8edbac804f7b,e8565799-73e0-4609-9ebc-2f0917061ff9,2025-01-01,7868,930,90
d2db6874-3d2d-4f2c-816c-a21487b3c6a5,20d88bd7-80f7-48b8-9b14-22269082d529,2025-01-01,5888,425,80
cbf183a4-989a-4057-b580-c53f6818af92,a488eca7-6c54-465c-9d1c-9f9aaa02cc40,2025-01-01,6159,546,92
f9ad618e-4ab6-4cb7-8aeb-a99b195d0686,9e15e58b-7b78-409f-8b0a-989f5d350967,2025-01-01,5811,849,67
0276d462-30b0-44ce-9921-99eb869636da,ecd0388b-c49a-4bb2-998a-688845027104,2025-01-01,1786,334,55
5135a6b8-029c-429f-9565-5dcaf7106274,d249c665-0a40-4035-a980-9e6c94274587,2025-01-01,1526,354,27
55144c4d-3b27-4adc-9c2b-b9e6fdff0921,7923beb4-9326-47aa-b17b-3f600acee05f,2025-01-01,3185,546,23
5b1426f6-ea0d-4a77-8d7b-49e056896cde,0282fb1f-8cee-44d2-9a13-164de0b93daa,2025-01-01,961,414,79
a904950d-fa13-470d-a8a7-8148cf48e9c4,e04d7da5-ffd5-45bb-a91f-59aa7dd44b41,2025-01-01,482,302,77
0b3af7d3-e1df-47ed-9bac-c8f674fe9d91,4ce17452-d8a0-4531-a5b2-f3e5f6350bed,2025-01-01,419,788,72
5b7dd61a-6c5f-4ad1-ab67-cd8cab0fc0a4,9dbf19e4-2148-4898-bef4-f59f65589a60,2025-01-01,6542,898,92
e55fa8ae-36fe-4562-b83b-98898426f6a4,0fbe5563-0e52-467b-bd35-c40018c26ed4,2025-01-01,1836,671,48
050a1919-18cd-4978-ba0a-140c187dd82f,0d119702-e885-4dea-934d-1ab38725ba0f,2025-01-01,562,53,42
af7a6507-3a21-4515-9f46-7fafae761808,94b15b98-9e2e-41b6-ad39-8b7ba53b096b,2025-01-01,5077,522,25
17126d01-2846-4bbe-8f9b-10714849fcb0,a8360232-86ba-4aca-a861-d52dd7f61dcb,2025-01-01,3977,804,55
83ed64bd-a6b8-4db4-bd41-00501bb5917e,2cc25564-f1a2-40c2-b4a4-fae24f23776b,2025-01-01,6324,529,39
45ffe0e7-26a0-4864-9c8d-e9f915961a5d,54ecd295-c510-4c08-a059-1aeb7a51f619,2025-01-01,2636,965,94
2cd1c472-46b5-41fb-aa60-6e14bc6bb2c1,3c6210b7-5f94-44c6-8732-40112697f691,2025-01-01,985,138,89
39f45c8a-1994-4197-813f-19333def538d,1debad72-ca3a-4e75-8014-f5c74245dd1f,2025-01-01,6631,445,91
295895a6-97c6-4a0f-978a-166b9a54dada,11b543d1-28ba-434b-b33c-b2d0a7bcd6cd,2025-01-01,8233,932,61
34f52b4f-193b-488f-b441-4205c340fad8,2e28f3d8-dd12-4fa6-8c45-62796282d7b1,2025-01-01,5074,246,27
928d46c1-0c7a-469a-902b-b5c11ce86129,3d238e0a-aebe-4657-ad05-0a0a4899c2f0,2025-01-01,882,165,16
5472b9ae-7172-4b1d-bafc-4ef1aaadf8df,45577a26-f1f1-4f46-8b29-3957746c3fb7,2025-01-01,858,257,31
6541b312-756e-4501-8d09-ef0eae2a6ac6,77a20d91-2ee4-4bec-960a-da46fd003982,2025-01-01,2285,767,97
7768724a-59f5-459d-99aa-8b023bcf18cb,349aed41-f169-4d6f-ac24-601591c2eb5d,2025-01-01,4964,297,42
a9e2d2af-963c-40b8-ae07-9a7ab592a552,20aa9235-9f21-468e-b261-7779f4229992,2025-01-01,4244,29,34
88d65978-b1c6-49c5-be8b-0db997204e85,08bb6921-998c-4b72-b416-d340b1556bbd,2025-01-01,2768,351,42
2147f2f8-fc14-4826-9372-646513a51612,f77c06a3-7a29-4fb7-803e-3f579b3991ac,2025-01-01,8495,986,21
953edacc-e4b4-4324-8ebd-d428f388b973,c20121ee-13c1-4273-92c4-1191f0fd29f8,2025-01-01,3121,478,26
2b158eb3-3955-4fe4-a78b-a9db194d20aa,f6c6a5ed-fe6f-4c0c-b53a-d6c2deea7c01,2025-01-01,3767,154,84
01384de2-40fc-4c0c-ad9b-968f9b6f3ec4,2d4d314b-4098-42c5-a18a-3afd62326781,2025-01-01,6436,826,56
9b912873-90cf-4e69-ac43-283ee02a246c,213d2690-0ea6-4643-b17d-809aaecb9358,2025-01-01,3684,865,41
b58c5ecf-3bb1-4bce-a2ec-85c8f4485c56,bbfe5bd2-4aac-4705-bf1e-e4de04db50f2,2025-01-01,3952,729,6
8b7d14b1-639e-48b5-8a2e-838811609c52,ef874a57-55a9-4337-b271-7f133a21460b,2025-01-01,3063,748,53
a0772659-9af3-4456-bc80-77a3600b09de,b7390aae-f8f7-431a-9c1f-bb8e98a9fbf5,2025-01-01,2597,948,16
59d5468b-ef43-4900-9325-42ea17ecbbbb,618421fe-ead1-4224-b18e-38698ced9ad5,2025-01-01,3948,542,97
75f70bd6-7ce6-4f6f-a8c5-a0d986628f01,f1aa9f29-a46e-4026-81e0-28b28e5925c2,2025-01-01,4822,72,26
c468bc7e-1088-4dda-b74d-57cef7e038b7,1352790b-9991-4d2d-b670-cd584b41bd31,2025-01-01,8225,992,32
c658130c-bd52-4f4c-809f-d6a99842ea56,e1ace5b4-11c4-4b37-ac2b-eb8c77876efd,2025-01-01,8186,489,38
14c8888d-a9a8-42f6-972f-03679d48c2b9,43d6bb42-4718-4a9d-8d22-d193f7c90a21,2025-01-01,8478,433,45
3dac1571-5972-4fc0-b890-05744d6f6041,4daf4cb6-aa6b-4fb3-84a4-177d124130a0,2025-01-01,4718,400,86
1bb10da4-234b-42fd-899a-20b07572c5f5,dc2a26b3-3226-4ca9-aa73-cf40a75da05e,2025-01-01,9101,720,64
911921a4-0cb1-4276-8693-bb8c297fda6e,b7163bec-fb47-4ceb-ac76-60f43b46c10c,2025-01-01,8294,967,50
b4cbca4e-57ec-48e7-8bca-f83e3baad193,36c4b5e9-8583-4705-b7b5-e7785fd78845,2025-01-01,2513,229,79
d26613a7-d96e-4a37-85ff-4971ebc8cc83,a13fa6de-b839-409b-a1d5-a9a16702538c,2025-01-01,5598,454,66
5777d0b2-9acf-4bdd-b668-37f2b8edb55f,5aab3c8f-bbc8-440e-b744-53130efc3941,2025-01-01,6913,889,75
9a86e731-1479-4e4d-a124-40810ff56b1d,d9169a3d-d07f-4edd-b1d4-bb32baa23405,2025-01-01,2606,68,83
c7ab1b02-047d-42eb-92b9-df908f0ddfa4,585eabe0-e19b-4ac5-b64c-109926e48219,2025-01-01,1932,907,71
3905ab1f-8621-45f2-8c8c-a12e41730738,7b9d18c7-887a-45af-af8f-72bcac749070,2025-01-01,2843,889,7
7f44637c-2088-4b00-814a-f72b76c25520,e18b842c-c06b-4cec-b839-91d2d60031a4,2025-01-01,1393,161,37
bd4554ba-fc8c-4980-8cac-e781e922f874,c20121ee-13c1-4273-92c4-1191f0fd29f8,2025-01-01,8832,904,38
eff2c6b5-4694-4122-86d0-aa429e90ef7c,216201d5-32ac-4669-9732-e31b7e7bdcfd,2025-01-01,6166,746,8
936f1a7c-951f-4813-8ebf-ff0019b39505,c8d78ac8-9f50-4876-adc6-97bf5c1befcd,2025-01-01,765,502,12
1fa6e5ce-a0ed-408c-a37b-a832f1d994de,d1e0228e-e3e8-4f33-9c3f-6a1c49cb966b,2025-01-01,1111,39,19
c9c8f8c0-7f12-4038-a9a9-5c3ed49a952a,bc50b49e-bccf-4137-a1b6-026bf8f77546,2025-01-01,5863,900,1
69e52f67-e945-4092-9632-2beda9672794,3219cc8c-7eac-4963-9ed0-b3282a6cb86f,2025-01-01,9970,860,68
927bce6a-5872-424a-8c12-b156f66a19f2,ba87e769-be70-4814-83d6-4701f971a7b0,2025-01-01,4678,298,2
adeff341-9090-4936-8617-82b81e93308b,3a8be85f-3453-4991-91b4-6fa509690071,2025-01-01,1095,230,97
b0fece46-8847-4f17-bbc5-fa4b2c786c72,b7aedb50-01bb-41c6-8282-58684b0e0b51,2025-01-01,6312,508,60
e58ebe19-d9b6-44ce-95b6-1ddb70471172,5f082dbc-c0f4-4b12-8a4a-ee16ccf5db49,2025-01-01,5490,703,69
bfa73424-e360-41e6-8327-9e5a675740ed,eebdbc5a-95da-4ec9-b66e-57bcf2087351,2025-01-01,9342,282,15
ef61da72-84ec-4a6e-a44e-4e2fd585a65d,412485af-3a3f-444b-9afd-70939627e7ae,2025-01-01,7639,67,79
58b59d6f-513f-482e-b410-e57618fbbd6e,3720a8b1-5fff-401c-a537-e77eb93ed4b5,2025-01-01,590,620,41
6b5183d2-deba-4af6-ae06-ff23ee3764f4,a0f2a71c-8e64-4f7b-b50e-eaea149ab5af,2025-01-01,4104,973,89
41559964-ca08-4e9b-b1dc-57b921f03308,b501edd7-01ed-4c9f-8968-e620beb8ad23,2025-01-01,9244,222,61
a832737a-87cd-4394-9b51-19b37b142551,fe1bdf52-58cd-4411-ae95-c65ff665a631,2025-01-01,7262,251,67
28493ae0-f789-4a03-971d-0896bdbeca9c,a6a4c7a1-630c-493b-9aef-e1cdc058eb54,2025-01-01,8765,879,8
c4ee76be-2b90-4e85-8768-202d41eae692,1cf80a49-16ac-43ca-ab50-fa33cb1b790a,2025-01-01,5039,288,10
e1da662f-dd5c-40c5-ab69-9e1d0df4870f,578a2614-943b-49ab-939f-42f93c91e6b2,2025-01-01,2847,742,17
1c20b58c-49c8-4f3e-933c-0be345d30f07,f786c4d1-c5cd-48f9-a877-e53a7abb595d,2025-01-01,8748,85,19
b9d53b22-0c82-4c54-ad24-779e9f87a029,8e047740-a054-4d96-97ac-f29677a32731,2025-01-01,69,219,80
7f1396ca-eab4-4913-beca-843a5bbaa8df,f02b4656-c319-457b-9229-cba38b0d2a0d,2025-01-01,4478,528,21
52f8cba2-08a5-4f40-ba8f-727d0f5f263b,656ba777-d04d-49bf-afc3-3fd1d428b57a,2025-01-01,1835,892,90
57cec258-91d4-4529-9e6b-1c0dfe8ed42b,12449902-3baf-4c70-b547-7206703ee1ac,2025-01-01,9950,517,4
de30fe80-7362-493c-8488-6260978dcb9a,cb0db3fb-8f1f-4ab2-8fb0-fa50b2fa4bcd,2025-01-01,4903,265,50
d634aa85-a8e3-4a0c-bdfc-e2e863022960,4ea486e8-fd26-4728-bca0-6518d1c1d167,2025-01-01,1833,900,5
91d73047-14ac-4388-bcb2-29a42c3bea45,2097ddfc-ce5f-40ad-8520-3a411625e753,2025-01-01,925,121,88
c3c8cf11-d182-48fe-a5a8-06dc8d7006c6,4cfc95de-7f43-4a51-b03c-dfa053a704ff,2025-01-01,4818,941,56
c57a546f-a3ec-49c3-b1e0-86bfa0cfeda4,d4c04436-1af5-461a-9347-dbdb9a61768e,2025-01-01,6879,440,43
f4533cd0-cbd9-4957-bead-dae1edaa1442,cad2ccab-065d-41f6-9ebb-c81f314cc821,2025-01-01,4561,634,87
fbacb23f-1921-48db-b95d-dca5abaae559,585eabe0-e19b-4ac5-b64c-109926e48219,2025-01-01,5398,577,53
9c955298-8907-4fd2-90af-f5509d30c899,4abd7bef-9156-4547-b0f5-90dc49b12e37,2025-01-01,5372,986,57
98b26ac6-6a38-428b-9fdb-f9dcd1d209e5,7923beb4-9326-47aa-b17b-3f600acee05f,2025-01-01,8953,282,31
cd413410-7ae8-4d9e-909d-17d3a0acbb70,8016f7b6-ce6b-4a4b-9413-e47812fae19e,2025-01-01,5864,464,85
f71c1fdc-441d-4a43-9cc8-1773cc6dd4df,5c17fa2f-86d3-4d3c-ab87-f650876db207,2025-01-01,3898,797,33
b163f1dd-f679-4881-9af5-e668dfccd191,7907cb9b-0b7b-42c1-a49f-e28cba388882,2025-01-01,219,822,32
36978679-b276-4fb6-838f-bb05f078f8f0,c138d1da-0e95-4b1d-9c98-b21502a8c088,2025-01-01,2273,162,68
7d01d60d-3744-43a0-81df-9f19075752e7,4be52281-a2b4-40b8-8d3f-7a3915b6e430,2025-01-01,6126,457,21
8b0b9ea1-1b3b-434e-ab3b-3d6547d4cb39,9d4d7404-1751-4697-88b2-15dcf64ba4fc,2025-01-01,6410,652,98
416d5f24-c242-4fd9-8c11-1f91f7775607,b20cfdd3-b45a-41b0-897a-1a3e51734e94,2025-01-01,5072,831,90
49aa6dac-dbee-480d-a51e-439b621fff2c,578a2614-943b-49ab-939f-42f93c91e6b2,2025-01-01,2245,738,67
a24f5c88-26b1-410e-b897-48f86df8d1f0,442cb36c-eb4a-4cb5-a483-27b0a596b920,2025-01-01,3977,978,20
ac1db08f-2cec-44d5-82c8-180490e08319,7745203c-0ea9-4605-b66a-52fb2479d3f8,2025-01-01,3710,368,93
e7fead90-11c6-4684-89a0-ce754ac13af5,2df6ce56-f96f-4227-a894-61491e011e4a,2025-01-01,298,25,32
e84bb103-9450-4f91-9261-39f248b59f43,a13fa6de-b839-409b-a1d5-a9a16702538c,2025-01-01,5469,29,42
65fe9055-fe14-45d8-8c01-6d77cede0923,90d95bcc-4175-4953-b8a1-f16c17af0669,2025-01-01,3524,169,39
df81bafe-1c66-4102-ba82-33f0ce5376d5,ddee81ca-7448-4690-8b9f-e99c6e0aebed,2025-01-01,2519,625,44
6b94da33-538b-4537-bdbb-c1d0dce34982,bdec5948-144f-48e0-a349-7e5a24be2683,2025-01-01,395,848,63
cfe657c1-e70b-425d-8ec4-4f9fdea2b293,2426a307-34b3-48f9-b3a3-ebc3feefc03a,2025-01-01,4962,1,33
d28ff16a-aa98-45fb-9623-2a92fc2c9233,baa9d8b0-de62-4d3f-90ec-daafb3d73175,2025-01-01,2109,80,82
550f6d2a-c073-4c2d-88cb-8f204c64c4db,98df03af-ac56-4bca-a8ec-9fafc7ab44e7,2025-01-01,7090,920,4
21b5396a-a6ca-4d49-9de2-d9166bcd7601,ade1f573-aa6f-448f-be46-f2d5344891af,2025-01-01,6520,185,37
a110f6c6-ae63-4597-b024-398d512dac7e,26b0d100-1f31-4470-ad10-15edec15cb2f,2025-01-01,2577,913,69
00c49830-b03e-438c-8834-ee9ec6919322,bfb282d1-a893-46f6-b941-09b81fe57b85,2025-01-01,8509,25,52
7deaf872-f942-4f79-bb88-3f7717e24665,123fad12-537b-4a5c-a19b-f329c25927d0,2025-01-01,4935,238,83
a26da470-33b1-4b45-bbf4-09d5cd8c1e6d,41c85226-edf0-4f3a-8c61-45e2c0b9373e,2025-01-01,6322,428,23
6343a46b-bfb1-4e17-9efb-6422aea80575,7d519fc2-4ab3-432a-9478-25be52cc0bb8,2025-01-01,9394,410,83
f9745a20-eed9-4eb1-972f-d13bb336ec10,8134535f-4bde-463c-8432-ea54bec69a5d,2025-01-01,3007,697,28
8532625d-3402-47e3-9be2-6cb8e828cb8e,32656fa6-ca68-4cec-9e19-5639ed0db3fe,2025-01-01,6517,392,42
91c98225-231f-4de2-87ca-535b035e0500,f313355b-0da7-4d6a-b0b6-7f31a47dea02,2025-01-01,6871,592,13
16d9f15c-57c6-4385-b646-e386c24a162d,e270eb4a-51fc-4b68-ad7c-5684303d93b6,2025-01-01,1619,955,0
c8dc08ff-d537-4aa2-be9e-cba2cda1ebf5,aeffcc7d-e5be-4c38-80dc-01eb98f6fd96,2025-01-01,5441,858,38
cb6b11a8-8666-4aae-a4b7-327840de295c,cf629e46-18ea-44a1-afbe-daaec24efba1,2025-01-01,8198,459,35
3f39e976-c825-45d7-a6c1-c83bd0ac7c20,959d815d-bfbc-4f68-9405-f8d8eea87095,2025-01-01,6667,924,10
ed94427d-81ac-43ea-a1ea-d49363e6e559,f494af69-ae92-4b02-87c8-fec4bccf8a3a,2025-01-01,2080,963,39
d6857db7-b841-40c2-83c3-ef8a66f5fc21,ce16474a-994b-439d-aedf-1d4c0fcbcadd,2025-01-01,100,304,74
220fd98a-d502-4b0d-9f0e-da1b7c21b3a0,47e2f2c7-7fea-490a-8e40-263b8890194a,2025-01-01,214,647,5
d8abfbe1-63e7-4ed6-8453-bb59c43400f5,c816e109-cb99-496e-8e5f-e40a4db7baae,2025-01-01,8762,211,3
6328bff4-a3cc-4480-99cf-c914ee47e5ab,41d9d109-f7c0-469d-a08b-918dc2d21a83,2025-01-01,876,552,51
e1067756-4194-4c3c-804a-aee884672cb1,ec61108d-9ec1-4141-93a9-7fd4f02b0db2,2025-01-01,8348,161,3
5ecf49bb-a727-4234-90f2-74ad1ce5c449,2cf78079-24aa-4824-815c-3ff4df211a28,2025-01-01,368,384,14
c7629853-b96b-422a-b44a-a0571a6047cf,b6e129af-fb1d-4839-b1a4-568a5ec2ffe5,2025-01-01,8964,640,83
aba812eb-a076-4a5c-9f22-1f2ab7bf7385,03401a1d-6d99-48c5-9937-467e0d3e5932,2025-01-01,6001,473,35
397fb7b7-e4a6-4b77-9f21-44a50899d131,d7e48750-247b-4a52-a227-bed98c316dd3,2025-01-01,3157,550,86
55b2497d-4060-4386-830e-7f0b42373196,4ce17452-d8a0-4531-a5b2-f3e5f6350bed,2025-01-01,892,748,1
a1b76f31-0179-4095-916e-df77391f6d91,75345811-b674-437f-bc51-44405c7a734b,2025-01-01,5548,798,22
423ee776-3f6b-499a-9591-f123323be1c6,f3181698-6a32-4159-8315-139765d676cf,2025-01-01,9235,761,80
89a45c06-c3ed-4202-8172-73e9c28822c5,43d6bb42-4718-4a9d-8d22-d193f7c90a21,2025-01-01,9330,124,31
11334088-b3fc-47ac-a7eb-b0ff950beaef,ae0371e4-cc5c-4f92-9529-1d82d2d000be,2025-01-01,9492,959,94
f69d2b2f-78fd-4d39-9a90-2426152b9068,8a2147e1-d860-4ffa-b57f-1e72b470bd4e,2025-01-01,7892,998,85
07bffe5e-fa52-4c67-888c-4bc04f1657d8,5689cb45-468f-4698-9ae2-3ad399b230a2,2025-01-01,1262,864,25
afd6744d-8108-40ad-9f08-9f1712bac5e0,f0fcbf1d-ff6f-4414-b9bc-5acb6f8e4159,2025-01-01,5836,714,45
26c04c64-33ef-47c7-b94f-29675378109b,2d4d314b-4098-42c5-a18a-3afd62326781,2025-01-01,1693,710,36
45c067e6-0469-4cdf-aa0f-e8e54b9938ae,fcb5562d-417b-41f1-b98e-d3b6cd47e85c,2025-01-01,6367,825,61
85d10d90-9903-4c3a-8a3a-6e9ea371fd8c,cad2ccab-065d-41f6-9ebb-c81f314cc821,2025-01-01,7168,981,97
12619739-8f3b-45df-9d28-fe9ce5a493ce,a5a70f42-c5b6-4ec5-bf71-90ee14d5b085,2025-01-01,3063,108,35
fb911e4c-bed9-47ff-8450-256eaca5ff36,0181eb7f-5423-417c-937c-ab69fc3636b9,2025-01-01,5410,590,46
6f666119-9162-4a51-8ba4-c5dadb8b0434,e7704cfa-8015-4256-9de5-2846a7b14c44,2025-01-01,8105,140,24
6d85c3f4-d932-4bd9-94fc-e8dc156c854e,f31ab9f8-0319-4e15-ae07-c64c9bad89e0,2025-01-01,1823,105,36
6cad06e9-4662-4e83-889b-c554cc0d5c23,6e94f0bf-6e32-4f8e-a657-e6c13e52fb18,2025-01-01,3815,981,81
0d1901b1-8d69-4745-a2a2-89899a607d38,d09daeb3-ba38-4fd9-b698-accab01d18b7,2025-01-01,5918,454,39
b916452d-2edc-4f08-86be-28d0c004dc54,5e5981c3-7bab-4821-92cf-5487be2b1c13,2025-01-01,3845,921,88
748d9a2c-c00f-4433-ab7c-1048fb53e81f,c76195c0-a94c-452c-a298-54cc54137bbf,2025-01-01,1998,964,68
5cd34896-61fc-4cc6-8b1a-db5d008fb9a2,27a86cfc-8242-447e-bd0e-23a3827ef287,2025-01-01,8620,706,65
5cb7ea72-291d-4523-864e-652a09d9a2cf,65e69ff4-0a19-4c0b-9667-e14316502d2f,2025-01-01,8318,543,77
e97e3d4f-4948-4c40-9252-0b1990ba09c1,afd518f8-366a-45cb-b296-97a2eae9cfaf,2025-01-01,9885,303,30
96f0d284-f6d7-42ec-914a-68d83686222e,1586c1cb-dba5-40fd-b228-35e0f4a2e137,2025-01-01,4330,928,8
9c5f4421-1789-4520-bb47-99bbd4895eda,e0da9b11-1ac3-4bb2-a511-84b4549afa20,2025-01-01,1781,855,78
9f321f98-04c8-4d44-bff5-97ff42c43cb0,96869474-e1a1-4ea3-849e-c64fc6723f57,2025-01-01,795,125,2
a1f54207-7f66-4592-aa92-5dce0170841e,518ce431-0a92-4b5c-90ff-a28f8cc3e623,2025-01-01,8622,461,84
7ba15882-db9b-4546-802e-2fd9f6a26ddc,32f74677-10a9-4b21-b1d4-089940e51015,2025-01-01,232,919,75
e0ba8d6e-b72c-493e-8dc1-7284ecb5bc2b,45577a26-f1f1-4f46-8b29-3957746c3fb7,2025-01-01,8965,918,95
906968b1-fc2e-4a02-8a05-360e2ade54d6,0c36f20d-8c39-489b-a59e-fa2d13283291,2025-01-01,3113,819,18
d6829d1d-f1a0-4966-b5cc-294fef934b24,f31ab9f8-0319-4e15-ae07-c64c9bad89e0,2025-01-01,2900,676,38
6af2e5af-e40d-4ef0-bffb-16284a9d3fae,bdce040e-3b5a-4dc3-9479-aaed52aa5252,2025-01-01,3674,188,64
83617bb3-347c-472e-b087-f84c572e250d,3132a089-2ba1-4696-bb99-9ad7beb39f55,2025-01-01,6022,876,12
975bc04d-019b-4e96-9c8f-8e2bb52aea39,b62b48aa-35cf-402b-8bf0-cf27cfe20a25,2025-01-01,6211,910,33
1e7873e2-35b6-4d15-8c05-9e78db6f6b7a,595136ac-51d2-4f2b-bed2-654ed41dcaf4,2025-01-01,7125,206,59
df1eeeae-ef29-48d6-b5a5-3c55289cf1af,997e0a83-a408-467c-9278-774d0e7d9dc1,2025-01-01,4064,822,76
debf0cbe-18f6-4457-acb1-f34832098865,92fb63de-f6a6-45ec-a859-cdda2fb3e616,2025-01-01,3124,951,86
8cfe1c02-505a-494f-a69f-de054b5b7470,618421fe-ead1-4224-b18e-38698ced9ad5,2025-01-01,2414,125,22
a36c5507-8f7e-4e79-9b9f-c7a0e6b0e25d,6f5dde7b-c5b9-40b0-9494-0873e7b23e6a,2025-01-01,6781,541,35
da4e7e94-9ca5-43fb-8cc2-057fcdc4fab2,f03b7299-f5af-4298-ac2f-7c49960c495f,2025-01-01,2480,633,79
578af2bb-5373-4811-a831-a8b462c68a53,b1c9c03c-82ae-47f1-b9f5-cc1189039790,2025-01-01,3640,345,63
dcbd5437-39ac-438f-9ac2-9b5788184904,c1767a32-1e84-4c61-9e44-665c2423051b,2025-01-01,3876,364,90
9fc7fa7a-f828-49c2-9ecf-73aef619e0c7,58819b5d-bc83-48b5-aa7f-98954fcbf8b0,2025-01-01,2116,262,45
c987e047-f81d-4359-b302-d802bd30c979,5220aaed-8af4-477c-8170-9eeb5d54ece0,2025-01-01,5632,37,86
b96c5430-880f-4ce5-b1ff-1d131d67d397,4a129a3b-52e3-4698-90fa-fe00c7dacdfe,2025-01-01,1775,251,92
b159dda5-4def-45ea-abe9-45468845ac86,656ac2d5-21c9-42a1-8236-f2df7cb8b92e,2025-01-01,7335,568,5
a30f5cf3-d906-4e02-8569-30a7d94ef16e,255d05dd-46b6-4f47-ba35-2cb8adff852f,2025-01-01,8970,157,76
70243501-e3ee-4c8e-ad7f-54bb7152da1d,1c829cd4-496f-4987-8a54-917438aaf301,2025-01-01,5133,828,26
434560df-0793-4293-8683-fd43dab34ac3,94b15b98-9e2e-41b6-ad39-8b7ba53b096b,2025-01-01,472,330,45
5cfd322c-e9c8-4dd0-a1c1-ed16b1f2c747,401b8e61-4026-44f7-a3b3-510296543b1e,2025-01-01,492,242,75
5fd2e678-f6c5-4cc8-86ba-9cbd2fea2193,03401a1d-6d99-48c5-9937-467e0d3e5932,2025-01-01,8390,765,69
cd8ef451-c283-4f41-b39b-cccc9f95d441,ea645528-3339-4c07-9c99-d6b95e331a9e,2025-01-01,3479,84,96
6a98f8e2-7cfc-4edc-b24e-6c6dc27a66fe,3dd0a404-b5e1-4cd4-bf73-8ed08430cfb7,2025-01-01,6848,582,87
091f06b6-ee09-43c2-ac34-1c354537f24d,f786c4d1-c5cd-48f9-a877-e53a7abb595d,2025-01-01,9843,411,79
049d903b-fda1-42d1-83b8-39d64b6c789f,f7d12d27-d34d-4871-9ebd-5d25aa83a81f,2025-01-01,3122,252,18
7425a0b7-fbfe-436f-ba2b-12b67bf8f5cc,b20cfdd3-b45a-41b0-897a-1a3e51734e94,2025-01-01,8323,592,96
b566a267-91b1-4f43-8759-38daf1e7ce5a,f9046e07-f9d8-4eca-b78a-b10764c51513,2025-01-01,7358,725,28
3c3df56b-551f-4be1-ab2c-bb1241d92e87,d7b1ac3f-a0f0-4b7e-b046-3d0d4ffdc6ab,2025-01-01,8846,559,20
29f41fd3-826e-4bbd-b431-4bca87b4f8c4,19f63e70-112a-43c4-aaa8-36e7cff1f1b8,2025-01-01,4611,545,71
b18e2c2d-be59-4474-84d8-2ef0fa0b21f9,01f9f4cf-d342-48f1-9170-4b9952c404d1,2025-01-01,6694,454,61
b7c824fb-5191-489c-aa06-b8729828ae4c,248700cc-f353-414d-b5f2-548505a1a169,2025-01-01,5931,295,62
55bf3f6f-65e1-4f5f-b323-f6f7964b74de,db1d83db-fa9d-43e7-a568-f5cc5a95b107,2025-01-01,3529,829,63
213d9661-a133-4b8c-b75e-4f6b4b86ee38,e6b3b1c5-3c85-46dc-a77e-b031f78dfea8,2025-01-01,840,68,60
2a267f21-2fde-40c9-8ced-939ff0f79fcb,634066a1-4d23-4298-8ff8-ede938a1c980,2025-01-01,3091,796,87
0f4db274-b166-43c9-a315-bf96fca21527,d70e624e-6038-4d2f-b068-afca913e98a6,2025-01-01,8244,304,36
f732dd9b-1ed1-4376-b086-25d268480e14,f231724c-1e94-4719-8a1b-fba5ea0030d8,2025-01-01,8015,540,75
a47af5e9-2b7d-4ad3-8ef7-9612f9d6ec89,bc8dab6e-0bcd-405b-bab2-4a8e88cd876a,2025-01-01,3035,356,64
43381434-23f2-4077-8676-c50b25697a86,c99524fc-50a4-4dbf-a8ea-355ffe82de86,2025-01-01,337,665,91
663423ca-4cd5-43db-b4e2-68bf1d12eb64,f3d213af-01b0-4a2c-9e47-c092ef5a259a,2025-01-01,5000,872,60
47912b3f-5043-4307-ba66-38d30de2e3f3,af35292b-4593-4eb9-a7d9-ed9730148c8a,2025-01-01,4560,86,77
d8325ef0-c7b3-4951-9ec2-b4aad72ef439,1dad9f63-053b-42e1-8b62-7f4281af6a20,2025-01-01,6827,125,59
59b21d6d-c0f7-44b9-ba19-230f07945865,b0cfda4c-14aa-491c-9f95-53ebe8920a02,2025-01-01,101,136,58
143d6c71-c8e7-44e9-ad50-a327594a3e01,748566e2-cce5-42a0-8442-7b9d05223477,2025-01-01,1195,410,22
9f62fc7e-1976-4b8f-8275-245b7e2beaed,afd518f8-366a-45cb-b296-97a2eae9cfaf,2025-01-01,2834,944,7
1b61e6b4-c804-4248-9cdd-c4c4f3e115a4,11c5d2f4-1a7d-4a15-9a0c-461d4ea14ef3,2025-01-01,8044,420,98
6a9e7764-1d6d-4c8c-89f5-201d10cd83ab,494259e0-f582-409a-991d-a391c947ec1b,2025-01-01,6835,236,44
7dd5da08-be4e-4ece-9aab-a224359e4679,6e217056-9b78-477d-8cf5-44ca49ac44dd,2025-01-01,3464,518,52
2930bff9-8de2-479e-927e-455e368b94ba,c03272f8-2cfe-42b8-9adf-14749f833f38,2025-01-01,998,278,8
bd82b0e9-795d-404e-858f-961b8f4edc7c,76c338d5-e2d5-4436-8b70-7101632428cf,2025-01-01,4138,21,84
4f430e25-2b33-4723-a144-d0e8e35cab1c,183c6cf2-39a0-4007-afc7-f811c30ec2db,2025-01-01,3919,585,97
80579f9a-1b6b-406e-9dbe-82619f8f4574,1adc0144-bbed-4ef4-999d-9168ab3b0a26,2025-01-01,839,787,6
b9732cf9-ff0a-4648-8516-97d97c3fe7f5,d88bd9e9-ba7d-4ed8-a0f9-f44ca7b4f797,2025-01-01,2157,681,47
181ff2ab-5733-4019-a12a-2bcf3a11bc9e,8af7fc01-e887-41cb-bbec-cbddfafa0c64,2025-01-01,3334,0,44
a5573c77-9d1c-4243-af33-8e519844273d,c99524fc-50a4-4dbf-a8ea-355ffe82de86,2025-01-01,3963,500,26
e0b4f853-b0f3-4d0d-b073-869c44337d61,8a2147e1-d860-4ffa-b57f-1e72b470bd4e,2025-01-01,7149,710,42
8269634e-ddf8-4192-8a57-83ea383812c1,9e81a5c3-62e3-4e50-9736-84e568b7342b,2025-01-01,4082,677,77
372d8359-4f79-447d-be39-7d4104c6d29e,e7bb1a14-fd73-44ae-9323-4f444c5810a5,2025-01-01,3901,488,34
88e274c5-ed63-4bfa-9f3e-56295d91a40c,2cf78079-24aa-4824-815c-3ff4df211a28,2025-01-01,9880,550,47
a6ea96f6-d667-44b6-b5df-5dad7ad34b4f,eeddb257-3771-44c4-ade5-758cf6b46f88,2025-01-01,747,986,61
bc5ea8e1-0a95-4104-98cb-c3749c997204,90fc0e22-9b61-45d8-8186-30f08b67de50,2025-01-01,188,976,14
38a9ecc3-17b8-493b-9e72-674288d4caae,d965389f-267f-41f4-b285-1b4ffcab7e4f,2025-01-01,4574,971,61
cbb3f612-d0e9-4151-bd31-20af4d4bc836,affa8232-a2c5-4677-a157-cfee2d4d3f07,2025-01-01,6226,914,61
c0ebf7bc-dccb-4364-a627-b9e6107cb8b8,9340a523-0cd7-4d66-b68f-06f3de43f42c,2025-01-01,7878,420,47
cc11e4c4-e542-4fa1-94e6-0d74e9c2b291,480887ac-765d-4ec2-a3ce-d6d88bb0c5aa,2025-01-01,4598,74,32
64838229-00a8-42c6-a26c-2a14824fee50,06341667-8798-4bd8-b3fc-5461af632b15,2025-01-01,6772,942,87
cf4ffc81-0fc7-4aad-b6aa-dcf2036fe878,b0cfda4c-14aa-491c-9f95-53ebe8920a02,2025-01-01,5655,619,73
0895ca32-0d41-48aa-b3ce-f27b77912af9,472cf2e4-5be1-48bd-b38d-81270099d2a6,2025-01-01,8927,868,66
178152d9-cfeb-47b7-a584-bee04dfc9e03,8a2147e1-d860-4ffa-b57f-1e72b470bd4e,2025-01-01,8448,160,62
6db2093d-e354-405a-ab01-a9e865ced298,c4369e95-3415-4b39-a50f-88f88c28d303,2025-01-01,3101,180,60
a52cc7f8-1f2e-40b9-beda-0e0b0d45c1d0,bd13977a-2de5-4ca6-b2c7-b144ec83f271,2025-01-01,9703,400,65
d0a2db02-83aa-4184-82fb-f21c90ca681a,119f266b-4be8-448c-9052-b05fb716767f,2025-01-01,210,96,15
bf6a32bf-c0d6-4d3e-97a8-52261cb05cb0,f43e0a48-d4ba-498a-8ba4-1732b34ee3d8,2025-01-01,2473,576,58
b68d7592-31dd-4bc3-8a8e-d4069f115265,f5bdbd30-bba8-4555-a574-0a23adbe1f67,2025-01-01,4323,348,0
aefd500c-80fc-4c12-823b-198760b579d8,53dda717-ecb5-42de-ac16-c192498c0b9a,2025-01-01,6707,415,20
3d2fdedb-9796-4db6-98c3-204fe0695983,bc8dab6e-0bcd-405b-bab2-4a8e88cd876a,2025-01-01,719,749,25
25c3bedb-7f44-4115-a27a-6a9e0fc638e3,f31ab9f8-0319-4e15-ae07-c64c9bad89e0,2025-01-01,9771,412,68
3fa4d93c-e5bf-4574-8c25-5692408ecd27,51d2a450-c9f9-4ad8-a9b4-81ae29bb4457,2025-01-01,4003,614,67
9c418549-c4ab-4002-bcd5-3cd9cd2d3ad9,d88bd9e9-ba7d-4ed8-a0f9-f44ca7b4f797,2025-01-01,1133,805,68
016e1e5f-cfec-432a-b7bf-f8f366fd7446,697148df-2786-4602-a0c0-74ddc5ea2cb3,2025-01-01,8767,987,22
fda5f081-c806-47c8-8063-321c9b713417,afd31e20-d2c3-4b3e-a6d3-31d7cd3fcde1,2025-01-01,1955,221,33
0087548e-23d6-46ed-855d-1d09144e49e4,656ba777-d04d-49bf-afc3-3fd1d428b57a,2025-01-01,8187,579,51
ce62f647-6d3a-4b33-a57a-b07f44a502a5,ade1f573-aa6f-448f-be46-f2d5344891af,2025-01-01,6478,760,63
532e23b7-9316-4bc3-bc64-cba8e5358084,a4a8b192-91f3-4c3b-9c22-6124dc5c3ca3,2025-01-01,1145,739,5
975503c0-7ca3-4788-a00e-c4788dc83db9,c8595328-1b34-4d2b-8d40-d6a2694e7611,2025-01-01,5269,883,77
c9d4f515-5c81-45fe-ba6b-f6cfd575246b,f0275ea1-50e9-46b2-8fee-ff9229a839d4,2025-01-01,697,176,48
df7bd59f-7c1e-411a-93f5-e04992925cf4,b0319f19-107d-4448-9d6b-12424e61bff3,2025-01-01,87,75,41
2bdf356a-007b-439e-93e6-33c6662600e5,a682bf81-5683-457e-8e97-d48a67bae22e,2025-01-01,9615,281,64
41fa3788-0924-4957-bc74-a59f0e57adff,4faa78b5-ebcb-4f5d-b076-472806558c3a,2025-01-01,168,221,37
ec6c905c-b219-4fb1-bb95-deca66e17e50,6bf7b009-0d51-46df-a1cf-11473a6d8469,2025-01-01,9768,274,97
d6e3fad9-15b8-4c9f-a899-d1d1afedb0bf,960946b3-9311-4c73-85c7-77a136cd7769,2025-01-01,1934,920,2
aa61e28a-1063-4aa5-8d78-4785b20dfb16,1c829cd4-496f-4987-8a54-917438aaf301,2025-01-01,2843,843,98
b68c9b56-ffaf-4209-bb16-3a9aea298005,1c446f84-b4d9-478d-8607-0e3eeebe3bed,2025-01-01,1259,486,93
4f2ff1f0-8d41-4986-875e-9475c96358d3,a4a8b192-91f3-4c3b-9c22-6124dc5c3ca3,2025-01-01,6072,562,9
058224c2-2785-49db-bd9e-771790f1a307,4c1bd012-f3de-4cdd-bdd7-c663c4bc33b1,2025-01-01,3022,818,55
197819df-4356-4d9c-a7cf-daf26b38d351,20d88bd7-80f7-48b8-9b14-22269082d529,2025-01-01,1600,580,85
12c7dde0-cdfd-45f4-8854-47bfa054b5aa,d7b1ac3f-a0f0-4b7e-b046-3d0d4ffdc6ab,2025-01-01,4297,962,60
31442b96-0fad-4df7-a015-62ffcc5fb4b7,1d31bf9f-897a-4ec9-809b-ac25ac42a8b9,2025-01-01,4189,660,82
801259a3-2666-420b-bc77-5e191d87509a,d3474b2c-a01d-4a23-9ca9-5fee7879188a,2025-01-01,6492,244,86
7c5ba63b-6ddd-4000-9d1d-261ab3f05866,1d53243d-61dc-4cf2-b23f-13d02a321a55,2025-01-01,2179,96,48
9e10752b-fdff-48ea-ada6-55c04c0a4c3f,4ec40481-40c2-43db-bf5a-5200bd575571,2025-01-01,8995,493,79
57d43fbb-9e77-412a-873c-ea3ee59d6fd8,22bb1bd1-f858-40dc-bd6e-57b076718095,2025-01-01,8513,775,96
1dccd8fa-de62-4809-aa95-517deebfdcb3,8af7fc01-e887-41cb-bbec-cbddfafa0c64,2025-01-01,2768,666,28
ea9755e7-489c-4fe5-9bb0-eb99abf6e770,00de2e69-4235-4827-8274-2a12da1b8809,2025-01-01,5087,162,80
36a5a454-1ca3-4866-b5fe-4525f25f213d,c9666602-3b31-45a3-a19b-61365fe80936,2025-01-01,921,898,68
0dc75a93-33a6-40da-a432-ad0b92c9c6d4,4a923fc0-adda-41af-9ff3-12a5c63a8869,2025-01-01,1143,470,38
4321a72d-cc4d-47a5-9687-34afc75c299e,9d77346c-54b0-4484-b7cb-e4f12e174116,2025-01-01,8215,964,28
aa73430d-2fd1-48c5-a756-337c60db3f20,68b22ab0-e639-46f9-ac7b-3ce6f3d7b4dd,2025-01-01,8359,417,58
8322fb72-53a3-4d62-9304-406b60668f06,cb2713f9-57fc-4936-90ae-761c7eca43f0,2025-01-01,9767,992,97
503c0793-228b-4338-946c-0c8eca48c607,3219cc8c-7eac-4963-9ed0-b3282a6cb86f,2025-01-01,4307,431,80
97b88268-b5d5-4667-8120-09bd9f0c2f36,5d8c740f-1cd7-4117-a868-07f085404e21,2025-01-01,3280,480,79
f4f82f52-693a-45d2-8ce7-efaad661195d,f3181698-6a32-4159-8315-139765d676cf,2025-01-01,532,155,69
49440e08-6669-4382-a15e-777231b87f35,199cd37f-ae78-4fe1-ad8c-4e982e6cf385,2025-01-01,7892,905,99
861b6f00-6509-4499-b6b8-70d7c358bb4e,0ac17896-83da-4218-bc23-e0757258e4ff,2025-01-01,6007,632,72
39d35bd4-6c25-4afc-bd84-a20d46b6d10c,8e047740-a054-4d96-97ac-f29677a32731,2025-01-01,2396,736,65
e753ecc0-0187-4db8-a808-47c35fb6e99a,1803360f-9744-4fb7-ae36-f68dae3ac544,2025-01-01,7972,123,94
d4b5dee6-d239-482f-9152-394ce9555027,aeffcc7d-e5be-4c38-80dc-01eb98f6fd96,2025-01-01,4645,657,5
abb436e6-61d8-47cc-b1e1-3a646d36f888,7eacb4ed-7d9a-4830-aadb-4466b1ce846e,2025-01-01,7653,558,39
fc1ef5e2-9d71-4c28-9ec8-0b30b8c8d6d5,4843396b-02bc-484e-b0ca-6b6d99087dff,2025-01-01,1190,759,42
a78e8421-9187-42ad-9f1b-72029b3422c8,7016175d-5293-48c6-8773-7907ea1ac9b8,2025-01-01,3739,177,58
87fc8494-29bc-49ce-94af-8077f0edf6d7,299e0071-4261-4d12-be8c-aafb2bb4b1a1,2025-01-01,4427,765,26
125ab2d1-0066-4550-adf5-214cab707819,01d12f9c-c2a7-4ee8-aa20-8530c254bda0,2025-01-01,5218,663,19
86e4439c-7103-4a1f-9d72-b1ae8a0cb7d3,3367b016-bff5-44d9-bccb-334a18f84bc0,2025-01-01,7527,655,74
376e9c64-0347-4a82-a615-104f81688857,6e9303e8-0aa4-4179-adf1-dbdbcea654c8,2025-01-01,3758,316,13
9d06cb93-26df-4afe-afe2-1743d8289fbf,9d92b773-a7c2-4ac0-a4e1-f47b1fa9ef34,2025-01-01,4926,337,32
27ecbdea-c31f-491a-bd1f-1dff72571406,09f9478a-1ef5-4d81-918f-43e96ae629a0,2025-01-01,5560,879,6
8bd92c7d-9982-4c1a-98a2-5b1d98faf401,5e5981c3-7bab-4821-92cf-5487be2b1c13,2025-01-01,2616,346,26
3824e554-fca2-40e7-a4d1-ad161a98e3b2,1dad9f63-053b-42e1-8b62-7f4281af6a20,2025-01-01,8868,928,42
744ee68e-5d01-4454-a1dc-400b5d0691ba,60981466-d21e-4d15-9ac5-4c41fc2fc8bb,2025-01-01,3010,798,76
56ef35fa-c9ba-4950-bf97-da840b1c6a7a,d779ea1b-54c5-4c99-8f5c-958d6ddeb32d,2025-01-01,8847,453,23
354d129b-039c-4512-beb1-9d9f1e34934e,119f266b-4be8-448c-9052-b05fb716767f,2025-01-01,5390,283,36
4909177f-0ee3-4ba6-994a-900831734c67,3a8be85f-3453-4991-91b4-6fa509690071,2025-01-01,5483,83,94
3bb89cda-48f1-4b7a-8e31-9d0db1d9f223,6e05649a-837c-4931-a52f-f32b332c686e,2025-01-01,1520,723,5
7361fe9e-7c28-4391-b84f-de1de6969fe3,02a735c3-cd4e-43d9-94e2-29c21f3075db,2025-01-01,7093,726,41
6d1f545d-efbb-4da3-bc97-8799ebbb9c41,2a579709-6f78-4378-af26-8af60242a192,2025-01-01,9426,156,83
a704f9fa-5847-447a-8c91-fe0d303bbb72,e270eb4a-51fc-4b68-ad7c-5684303d93b6,2025-01-01,6009,806,81
ff19cb79-a005-481c-ab74-1af39d9db53f,ccc3d9a1-5c5c-488c-b2df-7acbacd5a659,2025-01-01,9782,156,92
a571455d-018d-4014-8bd3-743e6c5b36a5,f927db62-c45b-4b36-9f8b-1a84a58aaca5,2025-01-01,8893,550,93
d2f716d0-c1ae-448f-b4ce-c09f58fd87c3,1e745b8b-9222-49a2-97f1-a5a74d225a0e,2025-01-01,5140,731,76
dbfb6472-cd2a-433a-ba3d-733a5b9658ab,e04d7da5-ffd5-45bb-a91f-59aa7dd44b41,2025-01-01,2195,560,17
1b25d02a-d698-4400-91ee-12275e178188,350f1fc8-11cd-4b22-a3e6-0d4d23d83667,2025-01-01,783,289,89
05959628-ae6b-4b98-b909-ac6b9b366bf8,8134535f-4bde-463c-8432-ea54bec69a5d,2025-01-01,7248,563,23
eaeffc3b-83f6-4854-b42c-146fa2bbcc18,75345811-b674-437f-bc51-44405c7a734b,2025-01-01,6894,821,84
1e6dbf79-9d91-446d-acd8-078105bc237a,bf2cb4c7-ef6a-4852-83a0-c6d0f75b20a8,2025-01-01,9489,164,29
4bddef4d-6e87-4ea4-a54b-967aedb70c67,b7163bec-fb47-4ceb-ac76-60f43b46c10c,2025-01-01,7186,223,57
dfa2df41-0cfc-43b2-9763-fbac43a46fc5,68f0b75b-9662-42e4-be27-263a20e6e634,2025-01-01,9760,286,12
6d5fb7ec-584d-4b10-ad89-e2f58dc399a5,e270eb4a-51fc-4b68-ad7c-5684303d93b6,2025-01-01,3317,834,28
977fb6b2-f05a-4929-8dde-9e66175c49fe,d7b1ac3f-a0f0-4b7e-b046-3d0d4ffdc6ab,2025-01-01,4044,774,17
9bcfd005-9eb6-424e-bab2-c7fecc10afb3,5cc09399-4300-40d3-b018-382bb1d1980c,2025-01-01,1155,735,9
5c1fd0e3-1055-414b-b401-360fc08fd816,e0da9b11-1ac3-4bb2-a511-84b4549afa20,2025-01-01,1050,550,14
f2439a02-d6f7-4b3c-91ed-50b5917a56e8,1e2e539c-7bb9-4de8-bd35-50917f3c9a2a,2025-01-01,3893,803,48
f1458cc7-ad6f-4c78-9fc7-1c0c950cadb9,299e0071-4261-4d12-be8c-aafb2bb4b1a1,2025-01-01,9817,147,94
862d4036-2503-461c-96bf-2ad465cec900,1f7c5978-0c76-4ea2-b679-4d33b96b013a,2025-01-01,2699,274,14
a68b62c5-aa2b-4909-95c1-d9089eb75977,dcca0b7e-4cd6-4b95-8dab-c00d53be6b2d,2025-01-01,2789,723,22
3a017295-2a61-48b9-9574-a0b2b42e51b5,b45f0438-1835-48a4-8ef1-838f6c2c30db,2025-01-01,1136,351,5
97bbc92a-3a58-4300-abf9-9e262c251001,f43e0a48-d4ba-498a-8ba4-1732b34ee3d8,2025-01-01,7483,479,8
5a287108-ac2c-48d3-acae-bb529f5e0d52,b5a3af35-f0dc-4f56-93fb-9cdbd597dc68,2025-01-01,1838,566,73
8bb8e599-8a32-456f-9af9-4a873f1999e4,777552bc-17a4-4220-8537-225866121db0,2025-01-01,6038,366,85
30998ad8-ee78-4c83-90ca-72b814eaeb70,25d097ed-131f-45c2-9a43-62595431f115,2025-01-01,1990,946,87
ddc47ba5-16fa-4caa-97be-60093401aee0,358cb167-0f46-462d-b22b-56aaaff8018c,2025-01-01,7849,743,84
ce4c81f9-f1e7-42c8-8118-57bb2ccb9343,552b2643-4e4c-4a77-886e-17010de58edc,2025-01-01,906,459,26
ee7b7649-5145-4954-934f-947dca0af980,fe6fe0b1-5c07-4965-bbc2-852aca0777a0,2025-01-01,1590,707,66
4b7e4dcc-0064-4d3f-96cd-2f8c496577d9,45041e05-cb56-4cf2-a678-5f1a0f86e24c,2025-01-01,4604,524,20
5d00b7a6-ff83-49dc-a768-16ca6c78ca8b,a04bf9b9-d959-4677-a6de-29c1ee96685a,2025-01-01,6667,691,30
2f90eeb0-7ccc-4596-9823-50e97a754d24,53bec6c0-d53b-484b-a66b-9dee017fe0c0,2025-01-01,4050,976,76
1d07d379-a270-404f-b3c8-05796c417bcd,b27cccff-4b45-41ab-a81a-8f43732f0abb,2025-01-01,7940,194,48
20fb764f-6b98-4aa6-a496-eb3cb08f3eda,25155412-0b65-45f9-82ff-e8ceb45172a0,2025-01-01,9418,322,79
644a6475-c7b2-4ad2-bab4-ada631284feb,b5a3af35-f0dc-4f56-93fb-9cdbd597dc68,2025-01-01,7891,696,11
9fea75a8-e7bf-454a-b762-c219aa03db40,a90b2e56-eb97-412a-b71f-a519420d837c,2025-01-01,4049,471,48
1d5beaa0-95b2-4659-a331-0d231b5b454a,5572acc0-dc08-438f-97d4-ba9393ca3700,2025-01-01,5983,362,81
2c56a073-f6d5-4f92-a46f-bbf1653a954e,216201d5-32ac-4669-9732-e31b7e7bdcfd,2025-01-01,5420,26,87
c82d781b-3a8e-4407-960a-d2b42bc2c9d6,f1aa9f29-a46e-4026-81e0-28b28e5925c2,2025-01-01,7243,494,59
23737ad3-363f-442b-8285-6859b38051a1,ff2ad219-d953-48f2-80a6-b4a5405cb509,2025-01-01,6703,115,5
0f7b1b56-e930-4a7d-a9d1-8af543b47398,a5a70f42-c5b6-4ec5-bf71-90ee14d5b085,2025-01-01,1353,18,65
3a7199a7-3a48-49cb-b412-9914669d3037,cf051087-83e5-46a0-81ee-79429ae82282,2025-01-01,384,565,29
e745d5a3-dbd9-47f6-a740-dcf231043531,3da30da7-340a-4fc8-beaf-10397164baa0,2025-01-01,8602,171,14
5a31fb8f-ec63-4c95-8bef-c0b2391d19c3,36c4b5e9-8583-4705-b7b5-e7785fd78845,2025-01-01,3243,303,65
5b2717d4-4823-4087-b859-a14b144e32e6,c9666602-3b31-45a3-a19b-61365fe80936,2025-01-01,9084,438,50
0745a515-c6be-47a5-aaef-6e70ad6587c7,1e700d73-c3fd-46ae-a6a2-e1c2aa3d2568,2025-01-01,7883,87,66
585f9556-5068-48f3-8489-808fb19c25ab,d6716325-d336-4dcd-8758-6f11449f8c60,2025-01-01,6176,225,61
ecabc289-7ce2-4194-a39b-cc5d3aaf07d8,ae731234-9e0a-4180-8257-44b35fc3e711,2025-01-01,4078,208,47
4b480d5d-57bc-4d5e-b6ea-94a1a236c348,0282fb1f-8cee-44d2-9a13-164de0b93daa,2025-01-01,3506,256,2
9a0e223b-d584-447d-a3c0-564963b05571,fd49f361-ed20-4693-b39d-2438187341f1,2025-01-01,3464,887,72
65e9846a-a882-4a07-baaf-78cdf7906336,39221314-f6a5-4a10-93ab-3643b7dc82b5,2025-01-01,4686,983,57
f0a820e3-4df4-4a84-b76c-586e663c7221,a3d359f9-1e37-44b4-99b0-b3c6f94d1c48,2025-01-01,5843,16,71
20a7cefe-639a-4448-ba5f-ddd9a90e7074,aa11af24-6967-43c5-a399-60fa1f030e39,2025-01-01,1970,344,5
f28e4c33-131b-4aa6-a169-44a2f9cce3af,959d815d-bfbc-4f68-9405-f8d8eea87095,2025-01-01,6175,734,77
4d46650b-a99c-4d01-be04-95daaad1a6f0,d497d322-c78b-4c46-a63e-4e684172f1dc,2025-01-01,7687,469,75
e6e8cad0-3134-499f-8181-eb660c6b9cf1,cb0db3fb-8f1f-4ab2-8fb0-fa50b2fa4bcd,2025-01-01,9864,968,49
b9849310-ebf4-4da8-a3e6-a3bb5095466d,17a3088f-4c1a-4ffe-a5a6-2b7e115e5be0,2025-01-01,4594,260,35
4a64c7cf-2f85-4bae-bf29-5d3a20c33792,11123104-0689-4fc4-880d-792fcba677d6,2025-01-01,6853,952,41
fee4ffa1-ffc0-4952-bce7-19175d17fdaf,9e15e58b-7b78-409f-8b0a-989f5d350967,2025-01-01,5753,904,9
6fdf7e81-6d83-42f4-9758-0f21e0abb050,1e700d73-c3fd-46ae-a6a2-e1c2aa3d2568,2025-01-01,5285,865,74
6fc4ca83-b321-40c1-ad46-24542ab94d7e,216201d5-32ac-4669-9732-e31b7e7bdcfd,2025-01-01,643,132,76
01b179ca-5343-412e-a809-71a27b55ffa6,2f73a6d5-2ebc-4e3f-86ba-0582b8418559,2025-01-01,9233,588,90
7ce34027-687b-43dc-b002-851c43db9932,656ac2d5-21c9-42a1-8236-f2df7cb8b92e,2025-01-01,550,35,58
38f712ff-408c-4305-be9b-55b1d26246d4,bc8dab6e-0bcd-405b-bab2-4a8e88cd876a,2025-01-01,9787,149,69
308bf2b7-be86-49ca-b834-4c5e0041b6fa,8456bcef-690a-403a-b14a-e16c375a0005,2025-01-01,4945,760,86
1b720d44-55b8-42b7-820a-240da7267b76,2097ddfc-ce5f-40ad-8520-3a411625e753,2025-01-01,1332,257,94
edca1a41-ac1a-44b5-aa5e-5d0d6a543534,77640fc4-5da3-43f6-9ec4-52a5986125e0,2025-01-01,5813,5,67
882f14a3-3a9f-4b63-a35a-2083e9af6544,f0fcbf1d-ff6f-4414-b9bc-5acb6f8e4159,2025-01-01,4236,715,20
624d9cc2-4908-4444-bfad-357b63f87e9d,fe6fe0b1-5c07-4965-bbc2-852aca0777a0,2025-01-01,6451,5,18
e35af83a-92a2-4af8-ae43-84147362d009,dcdf9f86-b558-4a29-904f-4b134f5efef2,2025-01-01,6419,336,12
df279131-1b1d-4d9e-931d-9edc8201bff9,a1844843-aa40-419b-b024-3c445fe9a530,2025-01-01,9467,263,80
bdedfb5e-88a3-49cc-84be-a14ac34637ce,fcf38d06-c07c-4cb6-bc81-55c823bc86cf,2025-01-01,7848,881,21
2152abd0-f7ce-4584-bc03-b608aea67cd8,ae97aeae-1c46-4494-9eef-6e40cbc9dbc8,2025-01-01,4040,302,26
52d8666d-dd54-49c7-85c5-1af3491e2415,18dd1126-34b3-4ec7-a87b-1bfb7fb191ef,2025-01-01,2148,645,64
9cb60bbb-8939-474f-8af4-736bcbcbdb9c,5689cb45-468f-4698-9ae2-3ad399b230a2,2025-01-01,5150,215,8
cc965f25-2b62-451f-b792-075d5f3c7d8a,3738f4c0-d71b-4d50-85ad-bd8e3ddffb60,2025-01-01,8077,312,62
b1019cd4-13a1-47e8-a0f8-f08c1f4b8c66,1dad9f63-053b-42e1-8b62-7f4281af6a20,2025-01-01,491,797,91
182b4709-d4cd-4dcd-b9c8-1b1abd78afe8,ec6e9df7-5112-4610-abab-954efc0d8cf2,2025-01-01,238,851,51
dc5e82fd-fd92-4272-b7f4-e867b7978132,94b15b98-9e2e-41b6-ad39-8b7ba53b096b,2025-01-01,7784,148,51
d5e65586-04e8-4487-99ea-bc4de5a32d21,7eab486f-bd6c-4902-bf89-a061a4d85fa3,2025-01-01,7519,80,39
19fbf7e2-fe51-48ee-b8da-9a97154de065,e8a79bc5-eada-4a94-944f-fed36c51e5a9,2025-01-01,6798,426,63
c1765bcc-e39c-4b28-aae9-894b266b2b3a,59d9957d-e20b-4305-839f-6f25486487f9,2025-01-01,2226,783,62
8d7eb172-615e-41da-b16e-66e8818d6b1d,f786c4d1-c5cd-48f9-a877-e53a7abb595d,2025-01-01,2780,724,11
6af29506-89a9-41ac-8d43-18f9303dc7e4,f494af69-ae92-4b02-87c8-fec4bccf8a3a,2025-01-01,4677,497,34
4d164a97-daed-4352-9857-25a291574d07,1d35c7d3-8e93-408d-8e08-e8be3bf4159a,2025-01-01,6198,931,2
487c75fe-4e9d-47ce-92ce-eee07394f31a,6e94f0bf-6e32-4f8e-a657-e6c13e52fb18,2025-01-01,581,330,2
09021dcd-62bb-4795-90a3-9b4c2fe51f38,b75e26a3-bd47-4b41-b528-6e850a3aa70f,2025-01-01,3965,506,67
3ea8fbca-1462-45d4-93d4-674d0964443d,015cd931-586a-4e8a-a470-4cc058fc04fc,2025-01-01,5829,300,8
3c4a6fdc-67e1-4402-b290-7fad03716b18,937a469a-00bc-431d-8ebf-b339a36560cf,2025-01-01,720,103,7
f924b0e5-5282-4a52-b3c7-aadd85832836,47c24d6c-3948-492c-b733-03fbe2dde8ec,2025-01-01,5988,927,42
7e93a3e9-3757-442f-9426-e69f3bcb6113,cb0db3fb-8f1f-4ab2-8fb0-fa50b2fa4bcd,2025-01-01,7139,604,35
c8a95c16-032a-4d8f-8f6b-e168318fc71f,d88bd9e9-ba7d-4ed8-a0f9-f44ca7b4f797,2025-01-01,9914,490,60
b906c83c-3eaa-4496-b748-036e2078b525,a3d359f9-1e37-44b4-99b0-b3c6f94d1c48,2025-01-01,3500,651,15
9031844c-f625-4acc-a9e3-596b4d5b60ea,ba87e769-be70-4814-83d6-4701f971a7b0,2025-01-01,3293,852,19
b9cfa603-783f-48b2-bd96-2c2aee637d26,a13fa6de-b839-409b-a1d5-a9a16702538c,2025-01-01,3047,50,27
0ff582b9-b847-4a5c-925d-f9922bc064c6,3c6960b9-94b6-43e3-8cca-28a85a22af0d,2025-01-01,84,643,31
c2e27919-2909-4013-a88b-4b7b3cb524e7,1d31bf9f-897a-4ec9-809b-ac25ac42a8b9,2025-01-01,7451,42,82
c732a260-8140-4ba5-a47c-2806d936410c,5f5243fd-f965-4b84-978c-db5722c9e2c2,2025-01-01,6087,25,39
bc2459e8-130c-423c-b257-c43cc247329d,9d77346c-54b0-4484-b7cb-e4f12e174116,2025-01-01,1647,199,9
74358104-aa5d-40fb-a1d0-a50f1eaefc50,9ef4323f-2663-4106-8c9f-59c9ee81f24f,2025-01-01,6033,743,10
26b76cc6-e709-4cc5-a5c7-29d7516d2911,2426a307-34b3-48f9-b3a3-ebc3feefc03a,2025-01-01,4002,940,87
d197f418-18b8-4031-9b58-60755b1d7177,58ba8aac-5580-4014-b192-18e69c52fbd0,2025-01-01,1831,281,28
36bb9c27-5ad2-4922-8f7f-d9aa2031ad90,c3acd28c-149f-44f1-bf63-442565e31ca4,2025-01-01,9265,992,76
ccff2dbc-62af-41a7-928c-66505b2cfbd6,401a0b48-b220-44fe-b87f-6b2d34913ed3,2025-01-01,1434,51,66
b769c664-6dfe-4584-b453-c98c0ff8db35,d736cf4e-bf76-4cc3-996c-8db1de150ed5,2025-01-01,7694,365,77
5014270d-10a4-48bb-b379-3ffa0533a0e7,9f1fc12b-e8e2-4a09-a107-6aaa48fb5618,2025-01-01,803,516,29
cfc319a5-cd13-4a0a-939a-a844da640fba,e270eb4a-51fc-4b68-ad7c-5684303d93b6,2025-01-01,7659,732,50
1b75aaa5-429d-42a1-9520-e3acee4a9dc1,66cf5013-f164-489b-aecc-1f91a568cc9e,2025-01-01,4405,218,69
aab037cd-0c14-434b-b9e7-bdb0ce2d39d9,f7d12d27-d34d-4871-9ebd-5d25aa83a81f,2025-01-01,8099,752,24
4aef0d41-351d-452d-8560-5b8fe00e496e,7eb8f151-a2d5-4e09-9e88-0afbe4703b9f,2025-01-01,9020,147,33
90c82825-20d7-436c-a603-4105526ea456,6f461e7d-3dfa-4935-9af3-03fb184f779a,2025-01-01,3756,219,16
206638e7-5e89-4b66-8e90-3fea38f03f3f,7e9b5a5c-1c19-4668-a362-b995e2c2db7d,2025-01-01,8825,832,46
debcb5c3-2116-4014-afac-c43957a30473,04805723-e858-4e79-a23f-c9b482b429b0,2025-01-01,5447,162,10
2db3515d-5b15-4e38-9dcb-02308c78fd5e,4daf4cb6-aa6b-4fb3-84a4-177d124130a0,2025-01-01,5607,796,60
58846b33-c3f7-4bc8-8d5f-c60a0c59db0b,54d5839e-6941-4380-b279-3a6d74006253,2025-01-01,91,393,65
b3c000da-2497-49e9-9ad9-667e17dadc8b,f7d12d27-d34d-4871-9ebd-5d25aa83a81f,2025-01-01,105,300,92
148640a4-732f-45ca-8428-d586053b9ec6,704ef5e3-3a9b-447e-907f-757bc2634d45,2025-01-01,2835,995,34
72b3338f-b149-46a3-8e36-af6c2525d0b6,f355dab8-270d-441e-859c-ef1c034a66f9,2025-01-01,981,113,39
fc11a480-6eaf-4ee0-ac06-06a9ce351e3f,cb7a3f36-ed75-4079-a4df-1ba2e518787e,2025-01-01,8183,178,24
945ed2c3-5a5d-4edb-9ddc-83a6bbdd45e0,f06ae607-867c-4ba0-9dc2-60b6e9605891,2025-01-01,9315,890,26
8ec0a535-242e-434e-9bec-2b019623b8fb,82ea7efb-dd18-42cd-a4e3-9e2f4519beb5,2025-01-01,6886,283,83
8a7c57f5-1ab0-42ff-9a9f-199b26ac25fb,01d12f9c-c2a7-4ee8-aa20-8530c254bda0,2025-01-01,3252,951,23
e128282e-d4d2-427a-86c5-317be178d771,4ec40481-40c2-43db-bf5a-5200bd575571,2025-01-01,9615,963,25
4278342e-908a-41fb-868e-4e4192dc7b54,0a992c2b-6da6-495e-a615-30bdf7a59f13,2025-01-01,9760,72,7
39cf10ab-8fcc-47a0-9e90-21e44e9fa8ba,79c65e87-a28b-4eb0-950c-c51d140452e4,2025-01-01,3977,133,37
9177f6c2-c149-4510-b36c-98492b29b55b,ec6e9df7-5112-4610-abab-954efc0d8cf2,2025-01-01,6281,942,95
b2925f5a-2da9-4f3a-b9da-1e467b2eb197,e33d2572-627f-47f5-bd81-c4084ff32bc7,2025-01-01,3004,248,81
99ed4896-332e-4aaf-96c5-64b0ef31d914,5f99d8f3-27ad-4a47-869a-1cf2c607804f,2025-01-01,2381,271,22
24fa0199-220f-4a21-8894-fe4f2878eaf9,11dafb6b-3ed6-4e54-ab21-9b1183a4b9f7,2025-01-01,6277,131,69
857a8b01-1029-4de4-af34-49c0702bfcf1,8a395b7e-9c66-4785-99d9-e143f9f1ac8e,2025-01-01,9615,735,46
9392b3fb-d3fc-4035-9ec5-d5fe71cf56b2,76e277e0-6d84-4ee0-b9ce-7d7782bedf0e,2025-01-01,7350,918,62
2edb8822-8bde-413d-9edc-a575b24efdc2,47c24d6c-3948-492c-b733-03fbe2dde8ec,2025-01-01,4330,583,10
16efe224-05f8-430c-a43a-feec6284b8c0,777552bc-17a4-4220-8537-225866121db0,2025-01-01,5091,154,26
c82675bd-5aef-40a8-a378-4ab6c5e7072a,782ead45-c624-4aa3-b1e6-40f869de5167,2025-01-01,7121,415,77
cffc4769-9628-40e2-bdec-5a11aba8ce31,db1d83db-fa9d-43e7-a568-f5cc5a95b107,2025-01-01,3524,553,27
60dd92ca-49de-40a4-b417-65a707af9e1d,3dd0a404-b5e1-4cd4-bf73-8ed08430cfb7,2025-01-01,8822,277,47
d590ed85-b7db-4ca2-8d09-421149f7f892,72cc668f-c349-4e0e-9795-d8cd5c9ddd5d,2025-01-01,2024,382,10
4004067d-9da5-4434-bb37-2092450eafcd,697148df-2786-4602-a0c0-74ddc5ea2cb3,2025-01-01,8905,547,60
3439f050-0e57-4c46-80b9-0c5484c55c6e,faffe3ac-b12f-4c9b-879f-4e39d9e373fc,2025-01-01,8279,451,65
0629ea07-bfef-4c8f-99ef-4eb2dce87992,dc2a26b3-3226-4ca9-aa73-cf40a75da05e,2025-01-01,1629,598,50
894280a7-ebb5-4f91-b732-30176614f389,552b2643-4e4c-4a77-886e-17010de58edc,2025-01-01,3354,502,43
5376df34-7782-4697-beda-25200a53ea8e,2e7c507b-eb5a-4bf1-963e-478758c2409f,2025-01-01,139,568,2
3548b4a3-40aa-4a26-98a4-91b2c05cdad2,3fdab2e9-d2ce-4630-951c-25d54391236c,2025-01-01,9945,26,25
83804f23-20cb-4815-abc9-4984fb0ab34f,3e63a157-68da-453d-9ade-6e6e0f3b6217,2025-01-01,8160,399,48
a5b62094-00b8-4be6-8178-97298722ceda,75354c50-28f7-451b-9018-050bf0ac3f18,2025-01-01,3826,516,2
97238820-c65e-4e09-8e4a-54f6e067e9a9,72f4c6cd-700f-4135-8825-55d31a5fa624,2025-01-01,9487,671,74
fdcd5a7a-ed34-41e5-b641-c31d3fd35405,401a0b48-b220-44fe-b87f-6b2d34913ed3,2025-01-01,3563,160,89
0164db12-35b5-4cf8-a915-fc2610e11ec0,7c727ad9-4df2-4e28-93f0-aac2adbe767c,2025-01-01,9541,61,60
210b7fde-0f1a-4281-a27f-cb68da65dff0,3132a089-2ba1-4696-bb99-9ad7beb39f55,2025-01-01,719,672,29
8500baea-35ba-4c33-a9e1-03396afafa4e,b7aedb50-01bb-41c6-8282-58684b0e0b51,2025-01-01,4608,160,68
2cb6a486-c575-4bcb-8535-9b8e1a88b11f,154f15eb-d4b2-4b62-8088-90920093ceec,2025-01-01,6229,95,73
150ba29b-e52c-4a5b-a0a2-ab018e0f3e35,ea645528-3339-4c07-9c99-d6b95e331a9e,2025-01-01,2589,111,11
c9deabe7-6c37-45ef-b25c-1fa7d17bac90,def20167-9b54-4269-a2db-0cc0b3c4791f,2025-01-01,4435,847,72
4a7adc94-20d7-4cfc-a834-458e92e67a64,4323c02e-f43e-4bc6-8478-4eace2042353,2025-01-01,2062,494,19
4524b131-610a-4e3a-8649-8e86bc6265a9,58e5958f-b2b4-437f-b5c4-21d13dc5b9b6,2025-01-01,3511,725,84
4d9098f7-deab-4552-bdf2-b672bc7d5bc7,248e1883-e7a2-46a4-baf0-95257980ab47,2025-01-01,5884,842,98
e2cb8d35-9d37-4f4b-8db2-6f6c2eba5f61,cca67f2b-e493-4c54-96c1-d7d5fa68a47f,2025-01-01,970,202,49
7457c36f-a84a-4250-a865-f28edd6a851d,36c4b5e9-8583-4705-b7b5-e7785fd78845,2025-01-01,5559,995,86
88bb52ff-6278-4006-89b8-15cb57fd7b9f,df8c5ed0-c8d0-42a9-b532-af821904b12d,2025-01-01,1923,464,46
85e8ccbf-2e62-436a-92ac-a354c644f931,c138d1da-0e95-4b1d-9c98-b21502a8c088,2025-01-01,8979,39,91
b24b7aad-0852-4641-90be-ea2b7da0502f,5e4613fc-b0e9-4004-b467-12f3ca31289f,2025-01-01,9715,787,92
b4c59af5-7e27-4872-950e-cc4cc1d1f10c,47c24d6c-3948-492c-b733-03fbe2dde8ec,2025-01-01,8874,278,27
d544c301-a733-4175-9465-98de4f930e91,697148df-2786-4602-a0c0-74ddc5ea2cb3,2025-01-01,3631,827,66
7b014717-5bfa-409e-b9a2-586fcf893f51,dc8d1159-f96e-4b44-8b01-bc919920511b,2025-01-01,3843,973,69
fee7bd57-58e3-4895-8253-150c7211d543,76c338d5-e2d5-4436-8b70-7101632428cf,2025-01-01,1321,831,9
d6860201-2f20-44a4-b837-3834ed43d9f5,bfb282d1-a893-46f6-b941-09b81fe57b85,2025-01-01,8585,921,5
1eced117-c6d3-49ff-96ba-32246cffd665,afd518f8-366a-45cb-b296-97a2eae9cfaf,2025-01-01,1787,939,78
4566dfd7-f9ec-49d3-9254-03fe36308106,350f1fc8-11cd-4b22-a3e6-0d4d23d83667,2025-01-01,7659,311,59
9d449fd7-1118-4a17-a75d-7c516ae52add,7d519fc2-4ab3-432a-9478-25be52cc0bb8,2025-01-01,3851,145,42
b535b21f-d048-4530-ab1a-2af774833e92,a3eb895d-40f9-423c-aabe-9b3826bdff3c,2025-01-01,7682,470,35
3f2f2375-9cad-48b9-aad5-80118e2642ae,5f5243fd-f965-4b84-978c-db5722c9e2c2,2025-01-01,8714,118,87
27c60635-a2d4-498c-923f-50927960cfd8,8b894b28-855a-4271-bf5c-69733cb58b28,2025-01-01,6450,405,25
426e7f3f-b892-4a29-bb81-cfe097d02e18,d88bd9e9-ba7d-4ed8-a0f9-f44ca7b4f797,2025-01-01,7040,982,34
df731f83-7179-44b1-9794-fd85a876fc8b,3ef58dbe-e1f0-4c55-9300-33d90807c18d,2025-01-01,8118,748,12
52ef778f-d144-4419-acbb-38156fa7d739,d7e48750-247b-4a52-a227-bed98c316dd3,2025-01-01,5060,808,37
037c030b-6be8-4644-912b-5723350edfa1,4cfc95de-7f43-4a51-b03c-dfa053a704ff,2025-01-01,9248,942,79
17ac0c0d-d00b-484c-8c20-5ea12a703aaa,c8595328-1b34-4d2b-8d40-d6a2694e7611,2025-01-01,2168,2,62
cf18533b-1cf4-48ae-9473-e9696d531049,43a30b56-833d-47b3-99ec-19139f8c6406,2025-01-01,5803,362,8
a0a3d4ba-304b-49ed-8ddf-2e24f1bef6d4,183cba41-aefa-4edb-822a-a66bcc819102,2025-01-01,5890,404,74
a7596f01-de39-491a-b2e2-874c0cdb53f7,e04d7da5-ffd5-45bb-a91f-59aa7dd44b41,2025-01-01,6391,674,72
66da16c0-dd4d-4c5e-81b6-76a09de40e0c,03401a1d-6d99-48c5-9937-467e0d3e5932,2025-01-01,7399,440,96
ead96dd9-5ef3-40da-873d-6fbac9c932a7,60523e68-4a9f-4e8c-98a6-42f0fddc974c,2025-01-01,2169,154,45
b12483d6-166a-4b52-a099-44e2e688e99d,30eaa864-8eec-4879-bc1e-85c6d061d283,2025-01-01,8813,218,85
afe20a12-3f5e-4848-93f1-9e1e4508a6be,dcca0b7e-4cd6-4b95-8dab-c00d53be6b2d,2025-01-01,5205,563,4
cdbc5fb6-5b15-4f1d-9ba3-0a17c018ef14,4abd7bef-9156-4547-b0f5-90dc49b12e37,2025-01-01,1445,193,42
7577ce01-6c73-49f0-989d-3d5d54e41bb6,f8231252-2816-418c-b529-3026cb46c3bb,2025-01-01,8815,40,25
5e706564-8ab7-4ba7-98fb-76bc6463dd8f,3e8150b7-1666-40e8-b4ed-c4a92ff27e1c,2025-01-01,738,366,88
89f9ffa1-50a9-4f96-87aa-1a6ebdaa714e,d1e0228e-e3e8-4f33-9c3f-6a1c49cb966b,2025-01-01,8418,56,44
a5914e5a-d124-480f-b312-43be9a9d1544,6de44ff4-1573-4c85-8366-cfcc5de9fe1f,2025-01-01,7508,757,19
2ede4958-d1f3-45f2-97ad-5f00d4c49917,c1767a32-1e84-4c61-9e44-665c2423051b,2025-01-01,1018,277,14
741eec1c-b027-469e-b59b-0b85de3d658a,c578a6a8-4eb1-4e6f-96e8-368846e50844,2025-01-01,1783,384,40
e798fa89-39bf-4521-b570-16451089f317,6de44ff4-1573-4c85-8366-cfcc5de9fe1f,2025-01-01,3699,596,21
7704b290-c2f9-47e2-a988-d21a4c4ce9d6,00de2e69-4235-4827-8274-2a12da1b8809,2025-01-01,5179,641,48
6dffb3c7-b65c-4a03-81b6-bb4a646dbd77,cab567a6-aee6-4726-bfb0-e92cf338b522,2025-01-01,7018,814,74
bedc06c0-d287-47d4-839a-a690bce93ec5,dc8d1159-f96e-4b44-8b01-bc919920511b,2025-01-01,2941,787,72
51c4ed0a-7c49-4811-b92c-2f34065185cc,9209b661-e487-439d-b3ec-48ff378f18ca,2025-01-01,9467,540,34
2707130a-b6d7-4145-88ef-1d72af6a4c01,3e754450-a85b-4012-86c1-8b26f5343775,2025-01-01,3673,754,46
fdc456f4-eb40-4d34-98a0-4ba120526fb6,11dafb6b-3ed6-4e54-ab21-9b1183a4b9f7,2025-01-01,4664,133,34
06289d0a-b5c4-4568-9dbc-150685692e5a,e649d949-3943-4233-9676-af4069f0a343,2025-01-01,3521,46,83
c9694352-442d-4c1f-9706-bd69ae804e27,4a129a3b-52e3-4698-90fa-fe00c7dacdfe,2025-01-01,5668,78,62
08b9f17d-6e75-4af6-9ffe-171823a0ba28,7587611c-041c-4289-9cd3-1942e660d75c,2025-01-01,2711,218,53
d8f37053-5048-43c9-acf4-b7c4bae61a5a,41d9d109-f7c0-469d-a08b-918dc2d21a83,2025-01-01,9263,742,55
9178f4f8-19b5-4772-9d0e-74337322bcc0,d49a69f5-d937-4b9a-be53-496bc5663c8a,2025-01-01,2594,158,62
66325891-81c5-4844-b184-379a2f533209,12d1ad83-c465-4cf2-b973-090ba3ee63a8,2025-01-01,3033,314,96
1b733645-8149-4961-a72e-e1d7cd02b658,b5cc4593-58c5-4acd-a355-253f2fe06d1a,2025-01-01,1687,575,88
de651e00-37a6-46b3-9799-04a1e727a467,f963496b-4b90-4402-a88e-364bdbb28cef,2025-01-01,7022,992,16
9bb066b6-fac1-44d1-a3c4-951ca0186969,f135b887-6f46-4e92-aee0-d14ed168d0e0,2025-01-01,2995,618,28
ea2c589e-456b-4821-a6af-b119e3b8f82b,4a02e0f7-9258-4947-9cb6-28b4d8ab39b3,2025-01-01,7655,591,56
8f5af799-c815-4591-aa30-eedec6efc4b7,652177e5-22a4-44ef-84e0-296aa5ad1463,2025-01-01,7772,813,93
8175e6fb-050e-4bf9-8b8a-c1562b8c1370,2f35ca78-41e9-4e2d-8a6e-60c3472bb57c,2025-01-01,9279,640,99
b7214513-ba0f-42d3-8756-6c8be674781b,937a469a-00bc-431d-8ebf-b339a36560cf,2025-01-01,6856,637,20
7cf92b02-943c-41d9-b3fe-2eace84bbd97,d88bd9e9-ba7d-4ed8-a0f9-f44ca7b4f797,2025-01-01,3285,206,18
494a6c13-3f03-4ad1-8ade-5b4a97bc5e3f,c3f41931-03f7-4ac1-9e05-0494d4ddf7f0,2025-01-01,5279,752,99
3aff1cbe-369b-48cc-a781-9e174c95dcc3,f1c9a543-696d-44ef-960f-b52249d21ad3,2025-01-01,6268,487,78
c0e34263-e192-4e70-9205-74fbaf5c88e7,f36c2204-ccfa-44df-8f70-7e83c3b17528,2025-01-01,1088,22,48
99f229fe-858f-498e-b021-114f51923ca9,2f35ca78-41e9-4e2d-8a6e-60c3472bb57c,2025-01-01,7130,75,31
5939ebb7-4828-4ddb-b92b-26483d9b17ec,ca142b0c-1c7b-4dca-8aa3-8b1fc3db5cc1,2025-01-01,1790,556,33
848dbb70-c6ec-4eb3-8cfa-12f0040125dc,d8459435-42c3-48bd-9097-06a3c3d9cc87,2025-01-01,7890,100,42
9e2d8355-e4c5-4b54-a9c9-3c44c951365a,43a30b56-833d-47b3-99ec-19139f8c6406,2025-01-01,82,997,66
cec0392f-3a29-49b8-b3a7-03e178bed0ce,19f3618e-ad78-41ee-882f-92a9a4cfeff5,2025-01-01,1026,750,91
f6f8dfd9-52d2-438c-8d5a-aa25521d8ef6,8af7fc01-e887-41cb-bbec-cbddfafa0c64,2025-01-01,3032,591,68
7dc69c29-2a1b-40c9-8ecd-6b1822fe5849,3e63a157-68da-453d-9ade-6e6e0f3b6217,2025-01-01,4078,608,7
a1527019-cfd5-4ebe-bb74-b08697100cd5,df8c5ed0-c8d0-42a9-b532-af821904b12d,2025-01-01,5313,732,3
b24487d2-bdbc-48de-aeb0-2e70e805c142,48dffa80-6f42-4573-9452-012d8163492b,2025-01-01,4308,615,50
323ccde5-53a4-42d5-895b-55f9231013cb,75f9afd0-8e79-49bb-b1ab-b3c53a973ae1,2025-01-01,8091,615,48
d218f8f0-85bf-4e33-b980-38ebd22e7860,68ec07ff-c21f-4b44-b55f-69f5f05caaf7,2025-01-01,8268,688,4
2ee70419-2415-428b-8493-90362b5d49ac,9d92b773-a7c2-4ac0-a4e1-f47b1fa9ef34,2025-01-01,6916,760,13
38e44db9-b75e-4acc-a1ce-741ab7210901,45577a26-f1f1-4f46-8b29-3957746c3fb7,2025-01-01,7231,12,86
c2537950-ddbe-4709-8016-e4d3c6c01bf8,34af5c5b-fbb2-42ec-aa75-4f4133928a5e,2025-01-01,5795,795,7
e61b045d-5e6b-484a-ac3f-40dfffa390b3,0282fb1f-8cee-44d2-9a13-164de0b93daa,2025-01-01,4141,577,68
80a429af-9c32-4aff-b638-b666bb967559,84a659cb-9f67-4415-a927-5904715df32d,2025-01-01,3318,195,43
21d32ef9-23b9-4a53-bdc7-7ffeb4cd9952,0c970905-5a87-49d7-9d4a-ccd2566efdc8,2025-01-01,6196,90,79
5b0f7929-50ac-453e-a7e4-26ab0224e3e2,a488eca7-6c54-465c-9d1c-9f9aaa02cc40,2025-01-01,5749,103,22
a0b5bafc-d03e-4d84-9353-a97bf6004118,d249c665-0a40-4035-a980-9e6c94274587,2025-01-01,8026,855,58
307705ff-413e-4310-8143-2d98b017802c,8a395b7e-9c66-4785-99d9-e143f9f1ac8e,2025-01-01,7321,98,64
853fe461-67db-4561-bb11-4f1308590159,3132a089-2ba1-4696-bb99-9ad7beb39f55,2025-01-01,6299,139,27
7501afc9-15bd-44eb-97af-35dc90c9e11f,805df634-a117-4492-88c5-f08d8b2fc31c,2025-01-01,8795,217,11
95c03ff9-78a5-48ee-9ca0-597118d1d336,d8c01ed3-3c9a-4ff1-8f9a-c95ab46edfc0,2025-01-01,6128,621,75
81d8aec9-9f52-4753-b2d0-adc0a1e37bbc,dcb34ae6-437a-4021-81ce-8ce36e5b90a8,2025-01-01,4653,586,72
360d561f-49fb-44d6-b886-cc5e4e99c683,c3acd28c-149f-44f1-bf63-442565e31ca4,2025-01-01,6049,761,69
1f10c27a-003e-4ec2-8908-02ad2fa97754,4472dd7c-c84c-4b28-ad87-dfdedb533042,2025-01-01,704,119,99
7d618941-e840-4aad-b659-e468fc1ff8ec,213d2690-0ea6-4643-b17d-809aaecb9358,2025-01-01,907,607,56
9a35389c-8aab-484d-9b0f-526199f9ad18,8f80ad72-9d59-4d43-b148-04c7e76e989a,2025-01-01,5446,180,12
cff890bf-0d4a-4f8c-ac8e-1bb4bca03c84,0df12078-44c9-4e89-8689-6aa5b3e95a15,2025-01-01,7391,732,62
f9f000cb-34b1-4acb-a312-5c0288e024b3,7b66b96a-2fe7-49a4-a693-2f8c9015efe1,2025-01-01,2388,660,96
152dbb1d-4d20-46e2-9d92-f0532d85ad7d,b8fa2ae9-5f15-4ff8-9c4e-ce3e2b03515a,2025-01-01,7544,763,61
a95bf7b5-61ea-49d4-aba7-bb6c9f94cd2c,c2909a05-a01b-46ff-b5ab-99a14e1809c9,2025-01-01,905,995,55
f63a38f0-2054-434f-9af8-a3de616cc36b,f96d2cd5-4651-4360-bd62-82cb356637b4,2025-01-01,2466,835,0
800d876a-1c10-4578-87c8-20aefcc01424,5e4f7655-6d63-43fb-9075-4d1bbf8962e5,2025-01-01,1154,278,91
c79a1ea2-f681-44c3-a7f7-97de1d584214,1c446f84-b4d9-478d-8607-0e3eeebe3bed,2025-01-01,8088,1,81
06407e73-d5dc-4f92-8901-c83ce6ab87ed,debf84bf-0fa9-48cd-b9df-55b588efead5,2025-01-01,2406,534,44
db698137-ccb3-46f9-ae45-1acb576144a4,1cf6ef5e-e9e7-40b6-b0e7-c37e6106bb14,2025-01-01,9009,534,31
e53ec980-60e9-4d4c-9cd9-90549d98c0e5,f1ee6f08-2ce6-4954-a618-bb73e83c766f,2025-01-01,3321,606,51
cf4c09dc-b226-492d-9c48-5cf8a31bdfa6,6a8a51b8-1b06-490f-a3d3-746a9a49a7bb,2025-01-01,3937,237,58
3ac836f0-1c86-4d14-a65e-de32e0926bc8,3e019f68-e128-483c-a99a-cd876c7e9e9c,2025-01-01,2994,39,45
96b5d124-22cf-4d65-a81f-ef0736b112fc,9dbf19e4-2148-4898-bef4-f59f65589a60,2025-01-01,6637,756,47
451e97f7-f5d5-45c3-aa30-d1d9ea47b7b7,015cd931-586a-4e8a-a470-4cc058fc04fc,2025-01-01,3062,74,80
26497b4a-8b19-4eb8-b1e5-e13cb4301398,2dcb86fc-9eee-4ae1-b9bd-e563cf541b7c,2025-01-01,3060,424,77
836647e8-7ec0-4920-808b-9f14002d57d9,ef874a57-55a9-4337-b271-7f133a21460b,2025-01-01,1881,933,22
c3b9e123-b964-4ce7-9fd4-be2f4d9bfcd4,3b0b2c55-bd93-45e8-aaba-ac39bfdf61d9,2025-01-01,9526,268,47
a24bbf09-9496-4113-9385-380de97b73bc,64c77275-40e3-4fdf-b4f9-ab87c64ec11e,2025-01-01,5900,786,88
074b067e-9fa4-47c4-83d4-9f4415b6a029,fe53f2c4-bf7c-490c-958b-cfa281b92526,2025-01-01,3344,8,64
dd8b815c-a8de-48a0-98ea-382d45f45c6c,47caf60c-2aa7-4058-a063-9f560387762b,2025-01-01,1608,393,88
a1059561-2a21-4e20-98e9-1aa0b373360d,4a923fc0-adda-41af-9ff3-12a5c63a8869,2025-01-01,1479,452,56
10f28357-0b0a-494b-9378-36d5cdc8cbb9,a0f2a71c-8e64-4f7b-b50e-eaea149ab5af,2025-01-01,498,509,5
676be203-18a3-48e7-ae35-dda7e2d2a925,0d119702-e885-4dea-934d-1ab38725ba0f,2025-01-01,9123,179,11
72e5c831-99aa-4231-8d63-42ebb181134c,6ebd7b01-4f5a-4650-953e-782f62cb53ff,2025-01-01,3884,127,33
0ba5153b-6552-4754-9d4b-a017774dccfb,ec61108d-9ec1-4141-93a9-7fd4f02b0db2,2025-01-01,7157,117,91
25715ab5-cd79-45c6-8c8c-a3df704e80a5,6395e7a6-2f6a-44cf-80cc-ffdc4f8ac216,2025-01-01,6221,949,27
b0696827-4f20-46c6-af97-a59678836e60,0282fb1f-8cee-44d2-9a13-164de0b93daa,2025-01-01,608,830,41
a8309206-5ae3-44da-8761-a2023bef3905,8a395b7e-9c66-4785-99d9-e143f9f1ac8e,2025-01-01,6546,154,72
372949c1-1af1-4c62-aa62-7c34501abda3,0634f46b-2531-4399-bf25-26f7fbb732af,2025-01-01,9725,23,68
825cfae1-4ada-46aa-a5fe-b28c2f69436c,3e326d82-c76b-4775-ae1a-6f64c2eeaced,2025-01-01,6918,801,53
89a7f2aa-c7c2-466a-8974-5d61cd50cc52,3b6cca16-c7a0-4a2f-96a5-5b31b87812dc,2025-01-01,4584,576,61
0016ae7a-d034-48ae-970e-40be8f489297,95ba56bd-567a-4cce-afc0-c013ee38f2e3,2025-01-01,344,336,6
ec0a9233-496b-4bf6-9c01-0e4f65a27f84,dd134d12-fd9d-480d-801e-bd4d9938ceeb,2025-01-01,8172,82,30
0147ba7e-4b43-4a10-a6c6-258d66767b4f,caa375e8-be80-45d5-ab34-24ebc3d00b13,2025-01-01,3706,277,68
dd894ab5-4eaa-410f-8001-ab2e8e3de9f6,213d2690-0ea6-4643-b17d-809aaecb9358,2025-01-01,7735,841,62
f7e67560-c533-4d14-9649-98a06a16b003,4daf4cb6-aa6b-4fb3-84a4-177d124130a0,2025-01-01,8210,896,76
1bbe11c2-8d48-4b66-b649-bacd568e0556,d82c8591-674e-4316-b4e8-393d86d8708f,2025-01-01,7909,12,75
944c35ae-6606-4618-b79a-89b157db211b,75bd3707-2819-4730-bfc2-36247bcfc2ab,2025-01-01,5452,414,90
5f6c1515-8e46-446a-b359-ad413611d499,96db6fed-314f-4fe8-80e1-38e081f52d5a,2025-01-01,4957,372,18
f346a999-86f9-4ac1-813e-732b85ed7e6f,d965389f-267f-41f4-b285-1b4ffcab7e4f,2025-01-01,1091,965,96
479bd678-80a5-48b8-830f-5ebf3773d577,414f1101-b3b5-41e2-a2e3-34f413f417f0,2025-01-01,3333,310,82
43baeebf-839d-48b6-8aed-f043b89afbe7,d8459435-42c3-48bd-9097-06a3c3d9cc87,2025-01-01,6323,107,66
96f40ca1-76f2-4049-a088-53e5de86be09,22b7be10-8fd9-4c3f-9dc2-60b7cf97e02d,2025-01-01,2271,276,42
31d56554-f2f3-4bc0-8e00-00b19b060d3a,ec47b4bb-4fc7-472d-89e8-47804fa8e612,2025-01-01,475,699,27
db9ff7f0-9595-4aa8-89b6-2dcb5999c6a3,f444c980-5d90-4c3b-8844-5b2ae79e04fa,2025-01-01,9703,212,61
f1e18699-c6ee-4fbd-8972-bc988c33be09,54f0e562-8e06-4c94-80fe-a910cf8f85e6,2025-01-01,7309,423,97
753a8f6e-72a0-4a8f-8395-d9644195a404,9ef4323f-2663-4106-8c9f-59c9ee81f24f,2025-01-01,1735,656,16
f07a54c2-8c48-4a2e-b672-e1c28de11e77,d9169a3d-d07f-4edd-b1d4-bb32baa23405,2025-01-01,3546,1,85
b302b2f8-a48f-4696-9e55-f212a06e3c07,ca4c6cba-7044-46b5-bb14-1db5443b287c,2025-01-01,328,620,95
dfbcbe49-a31b-403c-8f2f-f45cfb2bcffb,c672e077-81d3-4cf7-976a-44b5d8580cf4,2025-01-01,4336,918,4
0b7909f7-32ea-4320-b449-7075b51f6102,c07d432e-fad5-45f5-a5c8-d277b3931a75,2025-01-01,5837,401,62
d4e7a971-9557-4a5d-a431-dde6b17f3352,c99524fc-50a4-4dbf-a8ea-355ffe82de86,2025-01-01,3045,76,40
5e27a332-1491-4413-af07-9684e538851e,f4269db2-909a-444e-9d2e-7fd7463b3f0d,2025-01-01,6361,109,73
3377b3b6-dbfd-4304-bcb1-b6737651cc39,b20cfdd3-b45a-41b0-897a-1a3e51734e94,2025-01-01,1779,480,68
7af1a40f-f77e-4e46-a4b9-177539745c21,cb2713f9-57fc-4936-90ae-761c7eca43f0,2025-01-01,3965,669,83
5ff7b194-ab3f-4624-83cf-7171b0e04563,6395e7a6-2f6a-44cf-80cc-ffdc4f8ac216,2025-01-01,1375,406,75
7e12aa61-3dbd-46ac-970a-e07651da790d,3e019f68-e128-483c-a99a-cd876c7e9e9c,2025-01-01,5572,530,37
84822aa4-f7a2-4ae4-ad2d-3fd4874470f6,f1b9c77d-6e75-4800-9581-7a801de65757,2025-01-01,471,593,49
71d8c894-f43b-45ee-a081-ce3b05ac2b79,ebcac167-a798-4723-b315-411712190147,2025-01-01,8122,975,74
4d7840fa-f5e6-42ce-8f4d-74768f72bc08,68ec07ff-c21f-4b44-b55f-69f5f05caaf7,2025-01-01,6867,258,17
ddd1b21e-a851-4d10-8542-296a1442d208,f4269db2-909a-444e-9d2e-7fd7463b3f0d,2025-01-01,9065,512,73
24089f07-6047-4c76-8e4b-0784b9c3eaa1,5d66bb31-1b26-4a41-b20e-c320982d5f15,2025-01-01,3912,395,35
7a36058f-e889-4c7f-9883-2706fc880d93,8eea5949-c173-4644-8bca-f1abefc81795,2025-01-01,1820,583,10
f0f8f20d-7250-4d00-a22a-1a4091fc2695,83213ec8-1b45-4bf9-9a5f-22b868d3dec5,2025-01-01,4160,259,14
90a179a4-1a0b-4947-9ca8-5799c455ae34,7654a671-017d-4859-b01e-15d136d6289b,2025-01-01,3911,360,20
8d8b0fd6-6972-4033-a6a4-58aaeefe8dcc,f707bfca-5aeb-4425-b2e2-b0df5279639b,2025-01-01,3636,270,72
3e39438a-7557-4b6b-887f-0e390878836e,472cf2e4-5be1-48bd-b38d-81270099d2a6,2025-01-01,7498,35,68
84989cf4-71b7-4ff3-867b-30b0160683b0,45041e05-cb56-4cf2-a678-5f1a0f86e24c,2025-01-01,2539,49,90
e95e6a11-dc91-447d-a95a-52b5fa2c2c72,84a659cb-9f67-4415-a927-5904715df32d,2025-01-01,4891,77,95
b4f1d8fc-3917-4f1e-ae06-a62be05549ef,b46b89a8-8d5f-4ccf-b488-2e85939b09be,2025-01-01,16,236,73
5ea3d88e-5303-46f3-93c7-3414f4996ce3,37ffe8de-dca7-4b77-996f-341cbb8d340a,2025-01-01,2388,954,61
d6028acb-8f59-43b5-8c0d-05e7fdf98c1f,0c970905-5a87-49d7-9d4a-ccd2566efdc8,2025-01-01,6552,474,80
ff85ff08-2b46-4912-b522-8dc11d818033,93578d8d-c22f-4340-b36c-505b5fc275e9,2025-01-01,1487,966,91
ce2e03e8-14ef-441f-ba13-f77a4c7fad5e,3dd0a404-b5e1-4cd4-bf73-8ed08430cfb7,2025-01-01,4178,513,48
d632c79b-f0dd-4a47-ac4e-683f34c9e092,b29586c8-2162-46b9-9d98-124ef8edd527,2025-01-01,2652,297,89
0c7a3797-dad9-4f5a-9827-d61c3f378915,dc438e54-6408-4910-bdcc-a283e1644042,2025-01-01,4701,118,80
0ebc58eb-6c2c-4880-b937-c292b48c3844,def20167-9b54-4269-a2db-0cc0b3c4791f,2025-01-01,3235,886,78
3f45f81e-7fa6-445c-a54d-2dfe13464abd,54d5839e-6941-4380-b279-3a6d74006253,2025-01-01,879,919,89
c3c6a37e-1171-49e2-b23c-fe3d746e7b88,b213d916-5ac9-42d6-91ba-11c5ebe43db7,2025-01-01,5446,470,62
b4c9650c-3725-45e2-becc-5ff52cb8e9f7,5e04304f-d8f3-4ad1-9c46-0b15cc661d69,2025-01-01,2310,37,39
bf54bdf2-c062-4ede-9997-5c8b673c33a5,9dbf19e4-2148-4898-bef4-f59f65589a60,2025-01-01,1078,749,48
bf786163-e6d1-4eee-9d9d-6d3787baf27b,79215c75-5239-47cc-ac96-8cfc8f0c02b1,2025-01-01,1032,144,70
c28b6779-d8de-4ede-8c53-f91cd5cb712b,18632a4d-fd85-402a-ab8c-9edf0000d8f3,2025-01-01,8394,735,19
e1c7bca3-bb63-4ec8-83ec-fb32b30398fa,8addc301-e137-4dd9-821b-af6a6a9d35d0,2025-01-01,324,702,96
8e1bdb0c-cc7a-4d28-86f8-d26f66f879c8,d9dcae65-ae35-4a50-9e56-0c5a467de2d1,2025-01-01,9080,216,25
18164809-b8c5-43dc-af21-04375331c5dd,90fc0e22-9b61-45d8-8186-30f08b67de50,2025-01-01,4378,236,41
5e082465-82f3-4bd0-8216-b887791383d0,a8ec983d-0ba6-4942-a674-9b0d09eef5b5,2025-01-01,1808,694,56
48f160e0-a912-461d-b044-d851831533f8,9da7059b-af79-4a8d-926e-e6f34e625cbf,2025-01-01,445,992,28
14901fb6-1dff-4164-a69a-fdc91fc2b551,73830b8f-f357-4849-871a-6a695e717650,2025-01-01,1457,408,73
cf1bb96a-3f19-4781-aabf-c479da6d8605,0577c43a-1b91-44dd-b531-e2adafa9ac8f,2025-01-01,3467,270,96
a751a93f-16bd-4730-9a12-87840ba80dc7,ae0371e4-cc5c-4f92-9529-1d82d2d000be,2025-01-01,5089,32,21
f79088be-65d5-4985-a2cb-c243ef04a17a,d3df1ad0-1fa0-4bd3-9ea0-59d36db80e4f,2025-01-01,8922,829,96
1c113b9b-14e7-4e3b-99fa-ae88426633a4,154f15eb-d4b2-4b62-8088-90920093ceec,2025-01-01,3743,370,99
bfe6fb31-a9da-4773-b97a-9125f2a3dfcc,08bb6921-998c-4b72-b416-d340b1556bbd,2025-01-01,3617,981,83
efd26640-2440-4dec-818f-548287a54560,c76195c0-a94c-452c-a298-54cc54137bbf,2025-01-01,4446,576,43
61c63548-a3d4-4054-bee6-dc7f73d7a873,58e5958f-b2b4-437f-b5c4-21d13dc5b9b6,2025-01-01,7731,42,92
ab449083-89a9-4851-ab6c-2724d099e494,4fbc6070-0799-425d-a4bf-71a324c9848e,2025-01-01,8600,783,37
c2716e73-7871-4035-a2d6-7f5fcc33a2c4,43b68325-b0fb-4837-8e97-e249f69cf0eb,2025-01-01,6684,243,77
5049a08f-dfa3-4b41-81ed-e23836654d50,02f3e7a0-7fd2-4481-bc3e-2867d4e88b5e,2025-01-01,6776,585,28
b03a5a8d-1a43-428f-b7af-b90d47bfe7fd,c33570eb-e055-4a03-8a29-49654504a19a,2025-01-01,4361,654,48
7b51de5d-f9ba-4691-b2bb-a16b3f0d8dc5,09c5f405-fd4c-4a45-821b-724eb8ebdef5,2025-01-01,954,388,61
c5563216-3f3c-4fe1-93c2-0b5548b31c96,a0ed7453-3669-45cd-a21a-e811075d18cc,2025-01-01,9728,799,38
8f21e061-82a4-45d5-b037-f7897fed1945,47caf60c-2aa7-4058-a063-9f560387762b,2025-01-01,5604,289,40
202b4324-0ed0-4187-bd66-2690b43536c9,d8459435-42c3-48bd-9097-06a3c3d9cc87,2025-01-01,7988,185,51
0427e689-d0f5-404f-96b8-0c42d27ba518,20aa9235-9f21-468e-b261-7779f4229992,2025-01-01,1097,355,81
d2751193-34a5-4a24-8e0b-9a63603f5872,154f15eb-d4b2-4b62-8088-90920093ceec,2025-01-01,4838,651,43
bead6fc5-8291-4310-86a7-beded4838622,afedc9f0-eb6a-4fb6-b91d-073ae2f4629c,2025-01-01,7493,41,93
d7757dac-7099-4b88-a96c-4f33ea14fa49,0634f46b-2531-4399-bf25-26f7fbb732af,2025-01-01,6808,516,31
ff47f259-7582-41a8-926b-4811884fff24,cfe4a590-20ec-467e-9226-ceb9fc343c39,2025-01-01,9034,945,12
6eb489f1-e529-42ec-8b5f-679a0d2daa5e,a82ccd72-bc46-4bb4-ba62-401e37b606bd,2025-01-01,7366,204,72
b8294936-d040-4361-acef-8c79e601a1d2,af1d126a-54a4-490a-b8ea-423b46310f81,2025-01-01,7358,969,82
7403548d-667e-477f-af69-5e07938546d8,f992d12b-a879-404f-98bf-3ee8aa41752c,2025-01-01,7413,390,75
5d6a4f52-b876-43e7-93cd-a15b8955e030,4e8d44bc-2909-44c3-9cde-7e5fb16d4716,2025-01-01,1169,183,27
2b3b8e64-bb8b-4556-b059-9119b122c900,4323c02e-f43e-4bc6-8478-4eace2042353,2025-01-01,3363,705,55
df1edc50-2242-4ea7-a69b-3cfd423939b0,7b9f2e74-7477-4e2d-b1e6-fb8790ecf66b,2025-01-01,2758,2,71
886470e1-c6f9-4488-89ad-3d95920c1696,93a48a13-d889-430e-9475-4766a64432d1,2025-01-01,7620,20,25
d3512e4c-6298-43ee-9e5c-2b69d3107a8c,d722c7bf-6323-4a37-a2cf-9965414aee1e,2025-01-01,9393,42,55
b251db3e-5360-434d-befc-81d0fdc50357,ba57e605-db3c-45ab-9f9b-d65e6f11ea66,2025-01-01,3588,14,67
abbf1f32-ef4a-40ba-985a-3f02f752ef3b,f707bfca-5aeb-4425-b2e2-b0df5279639b,2025-01-01,3444,561,59
f3c9874c-436a-455c-b5de-a4b02ffd652a,bc50b49e-bccf-4137-a1b6-026bf8f77546,2025-01-01,237,515,2
83452991-728c-495a-a2ab-feea5e75ddb6,e1fa450c-23d1-4a81-95fe-30dafde41b15,2025-01-01,4133,149,61
93cde36b-80d5-4c91-9b3c-556bf96b1b31,9da7059b-af79-4a8d-926e-e6f34e625cbf,2025-01-01,5012,339,18
9d1fe01c-7cab-41ff-9383-4f13f5699089,de63c03b-8f66-42b4-951a-4b8a4d0651df,2025-01-01,9680,995,18
3b41dcc3-aeb2-450a-8817-a05369d51198,4323c02e-f43e-4bc6-8478-4eace2042353,2025-01-01,3127,552,66
6a02b688-a2fa-48f9-82ef-5a4c51eb051a,381e20b8-7cbd-4319-925d-19a6333e7eae,2025-01-01,7102,920,66
646a5e61-ae74-491a-858a-1b856fecf1db,25d97edd-0bd6-4e28-bfd9-d4b4ace9405e,2025-01-01,6807,698,93
6c2d4353-abcb-45cd-9925-513f2ae0b911,e9f4a201-c9fc-4c0e-80b5-edc3d6b377c5,2025-01-01,5400,139,28
90ce8f48-bb25-4ebb-b162-f9fb1017488f,dc2a26b3-3226-4ca9-aa73-cf40a75da05e,2025-01-01,6651,898,96
425afce8-d570-4028-8fbf-79e86e10e936,9e599ea8-4d27-48f2-a4c9-e26d70aefc40,2025-01-01,6311,392,92
bf547b5f-6310-41b8-b4fc-4438cbdb8fce,df40d48e-b893-4e1a-8a12-8ec544d3907c,2025-01-01,8740,871,42
6af853d5-4350-4123-94e6-676ae96285f6,6b1ff9b0-9981-42a3-ab90-9e035b5fd79c,2025-01-01,8501,181,71
208570b1-d9f0-4828-9437-8e3a242e3a8c,7dce6d73-edcc-4464-913c-5cba3b103e18,2025-01-01,5553,685,7
80caa06f-dfc7-43c5-8b36-2cbb76ea2942,8ec0c796-1dc7-4ac3-ac22-4f3cdaed07df,2025-01-01,1018,65,34
f36a6b1b-4b9d-4d0a-afdd-1f3adfc53a31,69e76ee8-1f15-4a43-9332-125c3d3fe531,2025-01-01,1217,524,96
a2c3a321-6625-4829-b778-e46f10c706ef,f963496b-4b90-4402-a88e-364bdbb28cef,2025-01-01,4067,926,46
e8cf2604-b970-4a71-9fb9-15e0fe3d3f69,12449902-3baf-4c70-b547-7206703ee1ac,2025-01-01,219,534,81
b207562d-291f-4474-9c66-5cbfad50c3b8,54d5839e-6941-4380-b279-3a6d74006253,2025-01-01,8950,64,98
cf9d022f-450f-43f7-8eba-47e4da07e9c7,ba472988-2d7b-4b3d-8839-ef84d5beb202,2025-01-01,1048,589,56
193152c2-2e55-484d-8300-fefe91b8f189,6d1e0ca9-8c65-4419-8340-1cae89dff2fc,2025-01-01,3683,964,18
22d1de4f-e511-4bc2-8d04-3f10c82f8f42,278380d5-c6e4-4385-b3d6-cf1abf9493a0,2025-01-01,8554,461,49
0f1910d4-585d-4921-a3fc-d5de75e52dcb,e1ace5b4-11c4-4b37-ac2b-eb8c77876efd,2025-01-01,6876,209,55
c3ba3a5a-d3a5-464b-8da4-3ca0b8bde4ed,f1aa9f29-a46e-4026-81e0-28b28e5925c2,2025-01-01,385,698,14
fada8484-484f-4b58-a4de-41e9625a0b16,0795512a-45bd-4acb-9760-facb3f849dc6,2025-01-01,2608,8,80
00c161d5-9edb-4bb6-927a-6ecfa331f532,74dae471-3fc2-4cd0-a83f-13bf0a818667,2025-01-01,1725,833,85
7ebc2183-8554-4eea-ad37-8beb45ae472e,c3acd28c-149f-44f1-bf63-442565e31ca4,2025-01-01,3645,13,66
4a84e6fa-1f78-4ba3-9fd9-9d7e46488aa5,9340a523-0cd7-4d66-b68f-06f3de43f42c,2025-01-01,194,645,97
595209ff-b9c8-4c68-a31a-030149fe6034,c0681431-2e66-4eb3-885b-213a256e18c8,2025-01-01,5739,851,39
ad05adc2-3f12-4e96-ae9f-da624899a059,1f4b31d7-07ab-4b36-8151-ea0b78a64088,2025-01-01,1735,759,78
76eb41de-271f-42da-9355-c129659a5ef3,119f266b-4be8-448c-9052-b05fb716767f,2025-01-01,8526,197,66
a2e6461e-2e98-43d2-95e0-ba851e8d114a,c0681431-2e66-4eb3-885b-213a256e18c8,2025-01-01,9762,392,16
2c3f9ede-b70f-454b-9eac-a12321b9f25c,2bf9d5fb-839a-41f8-bd72-b6b39206a13c,2025-01-01,4833,258,14
8332039b-4ef0-4b18-b8c5-aa31f8758410,ac64e220-470f-4d6a-bd92-67599403acfc,2025-01-01,9309,287,44
70c4df41-77a5-424a-a1c4-92ef0445adca,8f935be5-13c0-4d1f-bcd6-6c98b882ec74,2025-01-01,1157,382,88
784d0ee9-7df4-41f5-bb8d-34036f0f5173,d9169a3d-d07f-4edd-b1d4-bb32baa23405,2025-01-01,5362,716,35
390888be-3bf4-49ea-a253-7b2129b24d91,09f9478a-1ef5-4d81-918f-43e96ae629a0,2025-01-01,4273,978,73
d9d907e4-84ca-45f9-8608-77e1cc4c44ae,7745203c-0ea9-4605-b66a-52fb2479d3f8,2025-01-01,777,529,47
c65022da-f667-4c6e-a39c-77b8db7767ec,ae881c04-4282-4da7-80da-a384248fed1a,2025-01-01,2241,654,85
1584afe1-fbd5-48c5-9032-7d77d92b5b01,ebf2ca6c-b691-4b8f-a4ff-42d602af9151,2025-01-01,1001,990,4
115a5aa6-9399-47ab-948a-ce7cd92cbd85,6de44ff4-1573-4c85-8366-cfcc5de9fe1f,2025-01-01,5657,251,26
e96acef0-0a05-4627-9f04-18b3bd2c3276,8c3d635a-e37b-4d46-9b84-e52869883d51,2025-01-01,7875,24,34
dfa4d791-b21c-4db4-9fe7-2944363236a0,9333b693-18aa-40d4-bb1d-54defcd88952,2025-01-01,7043,758,80
2d3ea627-aeaf-413f-a3a4-4f1f7f2688a5,f927db62-c45b-4b36-9f8b-1a84a58aaca5,2025-01-01,4876,760,47
909523c4-5508-4d9e-ac6e-2fb726cd9a47,efa52067-3c82-4ce4-90c1-bfc995bfa03e,2025-01-01,3215,96,54
2f8a892e-0eb6-436a-8b04-e83c4eb64cc0,082c6509-ae70-4c6e-9c75-9ce3f083f581,2025-01-01,6968,528,73
824dd814-a464-4df9-a669-67a0429c1f11,bc545aad-2423-4bdd-903f-d3021d5f33c4,2025-01-01,3212,440,21
7513210d-4d67-4c7c-a001-3fb8d8603412,4c1bd012-f3de-4cdd-bdd7-c663c4bc33b1,2025-01-01,4896,256,40
5462ee6c-f41e-4111-a923-51708029bc25,3a2491fd-ab9c-4d90-a8fd-ce5f13205ed2,2025-01-01,5319,611,4
4aa13e88-2dba-486f-94d0-62a518b2582b,09f9478a-1ef5-4d81-918f-43e96ae629a0,2025-01-01,4568,181,82
d034a474-f7d6-419f-8e77-4376691a0496,60978f0c-398f-4f2a-b6b6-58220f7af9fa,2025-01-01,1308,881,77
aaf986fd-8951-40b0-ba0d-2d703431c7e5,7d519fc2-4ab3-432a-9478-25be52cc0bb8,2025-01-01,4555,77,98
b54512a8-1e32-4052-9125-4b5a7e76c1e3,ff9bdc7d-fde8-4635-a4bd-2df2ab74fa95,2025-01-01,3275,467,53
c983ce57-9947-48c0-a6e5-c5c44b9ed7f2,6395e7a6-2f6a-44cf-80cc-ffdc4f8ac216,2025-01-01,8746,670,44
2c996049-46ab-4ad1-a5a1-d46a8f4879ac,c7b1f338-0be0-40f3-9035-91e585006ac1,2025-01-01,1894,912,4
389bf3f9-cb80-46fd-ada1-f88795ca5b4f,25d97edd-0bd6-4e28-bfd9-d4b4ace9405e,2025-01-01,5773,528,42
f432c8b2-337a-444b-a1c7-c998666399fa,7d0d67c6-aab7-4435-a5fd-95c96b84c9a4,2025-01-01,4030,479,36
1656493e-f536-4fd9-995f-df1fcaa35f78,2b2be175-6624-458b-84c7-0cfb5e03a0f8,2025-01-01,3024,215,90
a9138c56-c020-45f8-8d6d-ccfa5a00c296,09c5f405-fd4c-4a45-821b-724eb8ebdef5,2025-01-01,5914,622,11
75ffc7cc-1ac2-44b4-a2e3-7c6828458a44,ba87e769-be70-4814-83d6-4701f971a7b0,2025-01-01,9901,608,61
4cde64b0-9326-41c9-adb2-f149407d1d89,04805723-e858-4e79-a23f-c9b482b429b0,2025-01-01,1884,804,25
3f88a561-db45-4bc0-a091-c94170a5a45c,3a2491fd-ab9c-4d90-a8fd-ce5f13205ed2,2025-01-01,1440,555,2
fd02483a-d504-4bd8-8aa0-a96120ddfd9e,d736cf4e-bf76-4cc3-996c-8db1de150ed5,2025-01-01,6795,601,74
a72c355c-1538-4f62-99f6-2b27ee9c82f8,248700cc-f353-414d-b5f2-548505a1a169,2025-01-01,7892,523,80
4f8d1796-15bf-404b-9d6a-aa3a966ee8f4,c0681431-2e66-4eb3-885b-213a256e18c8,2025-01-01,616,675,40
db831850-d9ef-431e-84d8-60f5316e2a79,f927db62-c45b-4b36-9f8b-1a84a58aaca5,2025-01-01,1689,278,7
c0db6bde-1b30-4b73-b5b1-9915dc981e6d,3b6cca16-c7a0-4a2f-96a5-5b31b87812dc,2025-01-01,7714,833,32
942f8269-dbf4-46e2-823b-042e45ff8baf,cec99b03-6adc-47ae-aec1-118635eb54d3,2025-01-01,298,118,61
0b74a48b-a260-4b3d-ac9d-1ad6bdcea625,dba59fee-6dfc-47cd-87f6-b6d7092510fc,2025-01-01,9083,341,53
6b9e5d83-20b7-473e-a225-81b3e9c04a20,586d2bf3-4330-458a-99e4-64ee921d9a30,2025-01-01,4873,222,31
dd9c84a2-6ca1-4a76-bbd3-60622638a82e,edcb658f-5542-45cd-bce5-2ed4de38d0a4,2025-01-01,720,308,9
8d25d06e-6044-4f15-80e9-3cfbe44a6594,96db6fed-314f-4fe8-80e1-38e081f52d5a,2025-01-01,7025,3,96
69cd9b0f-47cc-4498-b496-afe40cd55d84,618421fe-ead1-4224-b18e-38698ced9ad5,2025-01-01,3717,801,49
4f16adb5-f780-48ef-9beb-287ddc793027,e649d949-3943-4233-9676-af4069f0a343,2025-01-01,4272,795,80
f1b823d3-eb49-4ddb-a475-17e22d04a4b8,e422acaf-9fa9-4f6f-819f-5addbac28601,2025-01-01,4028,467,70
bfb2ac1b-ad26-442f-92fb-1830f4a76cd8,bb862b9e-1241-46f0-a14f-d5cb16e8be92,2025-01-01,6065,264,98
d80aebde-f009-4664-84bb-6aaf4e34757b,77a20d91-2ee4-4bec-960a-da46fd003982,2025-01-01,2824,582,50
de721626-be55-4143-9acd-ec4797874ca4,7189b766-e6fa-4373-8703-8ac0de824398,2025-01-01,5313,303,43
2918f3f4-ab1e-4dd9-928d-23401ba6103c,589d010f-985f-4f5d-b3b2-b7d6881386c2,2025-01-01,7452,797,83
7b686d1a-d39b-4376-ae8b-783da2370837,652177e5-22a4-44ef-84e0-296aa5ad1463,2025-01-01,1500,771,20
9e10b550-75d7-41f6-bdfe-aa8700a7d988,37ffe8de-dca7-4b77-996f-341cbb8d340a,2025-01-01,1424,223,56
1d19f1e2-0183-47a7-a48c-87e6fa6913e0,5c01b760-cf2f-4d3c-ab00-6aa23aea2d17,2025-01-01,3515,228,11
607c7efa-3b49-4f36-8e38-74e5453286a5,f4b8b23c-e4a8-4a37-8455-b22ee5c14c61,2025-01-01,2120,721,73
23585159-df6b-4ad2-a7b4-3ebb34f3797f,f0275ea1-50e9-46b2-8fee-ff9229a839d4,2025-01-01,8261,664,56
51a9b447-5d1c-4aee-b68e-934f0343b40d,281fd6c0-72bd-4fe5-972e-dd7dbc74ffc5,2025-01-01,6296,340,6
edc4ed38-50a7-4b5c-86f5-3fa31a2a857d,cb0db3fb-8f1f-4ab2-8fb0-fa50b2fa4bcd,2025-01-01,492,178,45
8c570f8f-c31d-4cc7-91fc-126ffc204caf,8af7fc01-e887-41cb-bbec-cbddfafa0c64,2025-01-01,4017,219,71
8ed3311b-0bbc-459f-9832-63a71646b20b,442cb36c-eb4a-4cb5-a483-27b0a596b920,2025-01-01,2317,52,30
32f842a6-a78a-46ff-bfa5-f07ae468de8d,aeffcc7d-e5be-4c38-80dc-01eb98f6fd96,2025-01-01,6987,290,6
42eb79d0-d265-4396-bca3-a3cd40df69ed,1e745b8b-9222-49a2-97f1-a5a74d225a0e,2025-01-01,7254,446,23
185f254c-e201-4835-8b06-d5b2be723902,6c9b2285-dc44-467b-9b48-98ca1b706272,2025-01-01,3803,176,4
5a2318eb-5009-46a3-9dee-668d74cf255c,26921614-bf90-4270-b70c-485fa0648b69,2025-01-01,5575,784,55
88197de3-bda5-4314-820f-2fbad0e47a25,cab567a6-aee6-4726-bfb0-e92cf338b522,2025-01-01,4270,237,82
14b86f8e-7aea-493f-9a18-b9d4a2076620,d8c01ed3-3c9a-4ff1-8f9a-c95ab46edfc0,2025-01-01,3515,680,10
a207f947-1855-494b-8296-944beed8c54c,644f3ecb-3ce0-4665-8f84-cc6e7dca87bd,2025-01-01,7096,894,24
2f8038ae-1097-48c3-88ae-2d84d367f48e,154f15eb-d4b2-4b62-8088-90920093ceec,2025-01-01,7962,416,33
c1a062fe-c834-44eb-978f-b58c4f723523,1cf80a49-16ac-43ca-ab50-fa33cb1b790a,2025-01-01,6806,7,32
acb462d3-c78d-4191-84c2-cc79c58487fc,19f3618e-ad78-41ee-882f-92a9a4cfeff5,2025-01-01,736,921,65
eef9d0b5-1b8f-4a32-8512-9b4afa744779,db21a562-b49e-4b47-a77d-2e1383869810,2025-01-01,879,457,41
4628abb5-88db-47fc-a5cb-ec78f898c2aa,dd134d12-fd9d-480d-801e-bd4d9938ceeb,2025-01-01,2680,790,77
faa1b234-5b07-4209-bf0b-957c98513cf9,d1e0228e-e3e8-4f33-9c3f-6a1c49cb966b,2025-01-01,2060,153,45
9c52446c-7e0a-473f-8aa0-25ea24a68a74,552b2643-4e4c-4a77-886e-17010de58edc,2025-01-01,2102,515,12
73c3ea77-ecea-4607-b1f7-2e89417a64cc,5f99d8f3-27ad-4a47-869a-1cf2c607804f,2025-01-01,9763,385,56
e5c97bac-c781-47ad-8668-8ac5cba88e2e,1c3434ee-d79b-4cda-a563-0e21ed9cbf0e,2025-01-01,8554,479,51
e4b69a63-d0be-498e-868b-6e3aada85993,5612a84c-2844-4b0d-94ef-e32aa6fb6e56,2025-01-01,568,140,73
cef9d28a-68c9-437a-bd1f-60f6fe7ea981,e1ace5b4-11c4-4b37-ac2b-eb8c77876efd,2025-01-01,5012,658,16
0781b082-8b7d-4128-91fb-d28ffa7eb7b3,5db1074b-eb33-470f-8c05-2ea9cb2854fb,2025-01-01,1192,606,88
ef255e41-30d5-45d1-be87-ecfb9a07542f,edeca2e4-2ff9-404f-9a4d-d143fbca3e54,2025-01-01,9742,990,50
58ea6fef-2efe-4f92-996a-69ffc21d6966,f7d12d27-d34d-4871-9ebd-5d25aa83a81f,2025-01-01,6774,628,94
392ea132-ba65-4fef-b1d5-eaf9ee71f33f,a0ad4a3c-a7b5-45be-a7c8-40b0e1219867,2025-01-01,2380,746,30
b41afe84-a39c-4f6f-adb1-386c033e5f25,eebdbc5a-95da-4ec9-b66e-57bcf2087351,2025-01-01,8025,216,36
802568d0-32a9-4e91-8f30-d0757773d081,7508a5a3-e3d0-48d5-9047-090e4f31d049,2025-01-01,3500,92,89
a0c82e86-9c06-4767-8cb3-9286e4a2b97b,57d3292a-db62-4df8-8601-28667543dfb3,2025-01-01,3375,852,29
c48da269-f51b-45e0-9670-73a7ded41b68,7016175d-5293-48c6-8773-7907ea1ac9b8,2025-01-01,794,924,65
f0f9579d-7b44-4491-84cb-153cfa175ef9,fed482be-3180-47b2-b502-37a732b8f2f4,2025-01-01,4550,61,8
b0e7b900-8e47-4e95-8b51-0b0d5be30387,47caf60c-2aa7-4058-a063-9f560387762b,2025-01-01,5312,893,43
b0020eb1-60f0-4b12-83ce-f7356249ab36,dd134d12-fd9d-480d-801e-bd4d9938ceeb,2025-01-01,7518,324,36
43339033-ae33-48fa-b5db-7d52c03c82c9,60981466-d21e-4d15-9ac5-4c41fc2fc8bb,2025-01-01,5899,268,23
b5f72e4e-1537-4182-be05-89cd1758e787,281fd6c0-72bd-4fe5-972e-dd7dbc74ffc5,2025-01-01,833,253,48
df1ec790-64b6-46f6-8db5-c5d93d8ef591,6581ef3a-18c2-4dc2-abb6-3c10f52f172f,2025-01-01,3704,500,18
a8c15d4c-14ee-46ec-920e-b97c59fcdf12,d9fa1c7e-50bb-41f3-9f33-299cbb8f7d4c,2025-01-01,5864,864,38
cca26753-6f5b-457d-849b-492f30d85f0c,c76195c0-a94c-452c-a298-54cc54137bbf,2025-01-01,4244,576,73
5fe77680-8f09-47fc-bfc2-569d88245d90,c3acd28c-149f-44f1-bf63-442565e31ca4,2025-01-01,8720,347,17
fe08410b-d662-4b48-b4c4-53a76b34c227,5d8c740f-1cd7-4117-a868-07f085404e21,2025-01-01,7791,944,97
9677e4fe-8531-4820-9b48-7d3d57021625,38062937-2622-4f79-b9cd-4a13e36959ba,2025-01-01,1323,369,72
9df7fea8-f52d-4ff4-a678-358274af5d9a,b1132461-734f-4952-9fb4-114a2b20cc07,2025-01-01,812,654,91
083c0fac-2314-4d0e-bf6f-532d1dd00795,e33d2572-627f-47f5-bd81-c4084ff32bc7,2025-01-01,2523,906,79
f416441d-12f0-4452-b853-04f2c9ca536c,6de44ff4-1573-4c85-8366-cfcc5de9fe1f,2025-01-01,4699,946,61
7c832c76-8c2a-4319-b6ec-0a413e5a9fa5,634066a1-4d23-4298-8ff8-ede938a1c980,2025-01-01,183,452,5
c72d40bc-b5e3-447a-a5f3-015bd7868199,8addc301-e137-4dd9-821b-af6a6a9d35d0,2025-01-01,1090,164,77
3b3b4198-6c84-4727-81bf-38af107121f7,7dce6d73-edcc-4464-913c-5cba3b103e18,2025-01-01,6279,170,8
bb629991-6da5-4903-a0c2-601cb281f781,0996d258-458f-4a61-b8e4-3e17f28ac407,2025-01-01,3078,855,58
33bc319a-1e2d-4df1-a44f-1d7641d59f1e,9b2eefd1-7ad8-4698-a0e4-2b0890f0ea5f,2025-01-01,4106,707,84
624dac11-ed78-4859-bed9-f9e4c4dd73bb,935ee0e2-d86a-4054-a3b5-02aa2770415a,2025-01-01,2033,168,20
11ed7aa4-d5c5-4653-a337-e879378bea8f,4ec40481-40c2-43db-bf5a-5200bd575571,2025-01-01,2088,514,97
5236912e-5edd-433e-bf0b-0ba23fadf7cc,1f7c5978-0c76-4ea2-b679-4d33b96b013a,2025-01-01,6282,519,20
036bec54-ccd9-404b-b75c-58430da0a965,8016f7b6-ce6b-4a4b-9413-e47812fae19e,2025-01-01,1902,385,83
deb4e391-00ce-48fb-af02-4f675fbf7107,d965389f-267f-41f4-b285-1b4ffcab7e4f,2025-01-01,6540,649,91
a63baadd-5c4f-4fd3-860e-73dabc4f06d7,dba59fee-6dfc-47cd-87f6-b6d7092510fc,2025-01-01,5997,813,74
1a45b863-d2d6-40cb-92fb-9ec511db2fd3,f8231252-2816-418c-b529-3026cb46c3bb,2025-01-01,2912,522,54
8007c3e2-3f97-4040-9173-6cf089dc6188,58f65ade-2dc0-42bc-8c61-58d80164cbfb,2025-01-01,2294,397,37
6ed7957d-5575-4839-9d3c-5a46f92910b7,ae731234-9e0a-4180-8257-44b35fc3e711,2025-01-01,3353,244,88
e27e0292-95e8-41b6-a209-3a2eb777550e,ae6cffa6-61d4-429a-9190-f8c29a3d5422,2025-01-01,1797,916,14
373c6b7e-881a-4750-9306-894c88185049,47101d29-9f8a-4854-89f7-644e3308776e,2025-01-01,8468,234,5
f707e950-a6ad-472e-94de-7220d8a51a5b,3fdab2e9-d2ce-4630-951c-25d54391236c,2025-01-01,4799,380,42
86bb677c-fb49-49d7-be25-566688066a2e,e7704cfa-8015-4256-9de5-2846a7b14c44,2025-01-01,2862,769,35
6d0121d7-9df8-42e6-a8d5-f80348c362f8,d9fa1c7e-50bb-41f3-9f33-299cbb8f7d4c,2025-01-01,4115,183,53
115d16f2-9ca5-4a77-ae97-bc2e080c04f7,e7b3c8ee-19f6-4f0b-82b2-e88e8034a988,2025-01-01,1472,168,71
b66bc6df-aa83-4d3b-9ff3-d0d4707a3b3c,4abd7bef-9156-4547-b0f5-90dc49b12e37,2025-01-01,2256,761,53
77c5762b-e3ae-4a0d-9461-af867ee2eb2d,18dd1126-34b3-4ec7-a87b-1bfb7fb191ef,2025-01-01,5950,417,50
e5061518-8c45-48d3-a39f-77b8bff998df,7eacb4ed-7d9a-4830-aadb-4466b1ce846e,2025-01-01,7226,60,36
731a0ee0-107d-4d93-8dea-c0382b9e76c2,94b15b98-9e2e-41b6-ad39-8b7ba53b096b,2025-01-01,7039,347,19
af1f31c8-9f16-45f9-b0a5-515aec54b59b,5363f13b-9436-435e-8c65-b243c99150d0,2025-01-01,7373,945,70
a83920c5-ff8c-48dc-9e70-91ccc132ee06,9b5fe62d-627d-4e1f-89f1-8f87fbcc2840,2025-01-01,1624,195,93
585ef9da-d420-4daa-b054-26be780a861d,98df03af-ac56-4bca-a8ec-9fafc7ab44e7,2025-01-01,6374,129,87
f4be6707-c618-4798-a9c9-db5b332cb60b,0c36f20d-8c39-489b-a59e-fa2d13283291,2025-01-01,2944,79,64
f4b22971-51b9-4fa3-9e36-c90e40660651,d3be4c6e-a827-49d2-bcbd-91022bcb16e4,2025-01-01,6257,6,35
0c296162-2a27-4ecf-b5d2-58d7d6fc764f,4fbc6070-0799-425d-a4bf-71a324c9848e,2025-01-01,2440,745,11
c273921e-3b21-49b5-b7eb-462cd80b4771,ec47b4bb-4fc7-472d-89e8-47804fa8e612,2025-01-01,4356,639,10
79e88a5f-f516-4039-9429-4a9a5dad6da8,861ffb83-44dd-400e-b901-d9333f251459,2025-01-01,3413,972,3
c82607db-8b3c-4244-9494-15e2a2edafed,47e2f2c7-7fea-490a-8e40-263b8890194a,2025-01-01,6765,799,1
a1c52e58-ef10-479c-af97-27c540cb5d5e,83cf0997-f638-487d-b050-9aacf287b492,2025-01-01,5449,592,88
6f04d8b5-7bed-4a25-9619-9c3d986cf9cd,9f1fc12b-e8e2-4a09-a107-6aaa48fb5618,2025-01-01,9513,907,73
03e87300-8cea-425f-9749-a970f7a416ff,74192831-ced4-4c7c-98a6-f67de683f798,2025-01-01,6287,926,15
6aee5a85-917d-431c-a5a3-d9a0730713a4,d41c8a7f-9c1f-4590-80ce-8e672cbfdd8b,2025-01-01,7883,251,97
f91aa719-3147-4840-ad6a-c77bfe6dfb7c,7c718c61-9dfb-4ae9-9f8b-f02360d6ae18,2025-01-01,7687,769,32
e4dd8271-6eaa-4e8f-aa98-e60bf7705887,8c696368-5fb7-4033-97c0-5544df5f56bf,2025-01-01,5300,556,92
a74345c6-1439-4ae6-bdef-84aa6328a3b6,1803360f-9744-4fb7-ae36-f68dae3ac544,2025-01-01,7583,663,39
fc9ee423-13ce-4fe6-8b34-878aca826653,9b5fe62d-627d-4e1f-89f1-8f87fbcc2840,2025-01-01,3191,611,97
71b50d72-2d32-4f31-8c17-fdfd5c56b726,5363f13b-9436-435e-8c65-b243c99150d0,2025-01-01,9571,66,45
073a9a91-76ae-4f4d-aa43-266a629f65b6,16dc87da-34eb-4980-b05c-a5e2e0a6e470,2025-01-01,176,840,50
f3b850df-3d6f-4145-81af-3abc9d7036eb,656ac2d5-21c9-42a1-8236-f2df7cb8b92e,2025-01-01,9167,950,35
8ac9883e-9185-4c9d-8979-fbdda70ddd6d,ba57e605-db3c-45ab-9f9b-d65e6f11ea66,2025-01-01,4640,34,88
f1f500d1-24d1-44b8-8208-e1992d6aa8fa,1f7c5978-0c76-4ea2-b679-4d33b96b013a,2025-01-01,1456,99,18
c5d08da7-acbe-4e91-932b-a915be70566d,3b0b2c55-bd93-45e8-aaba-ac39bfdf61d9,2025-01-01,3939,337,77
9fd159ec-71ea-4a5e-bf29-d5ed61d60b7b,57d3292a-db62-4df8-8601-28667543dfb3,2025-01-01,2006,867,59
b46a43f7-f964-46c6-8800-d5148fd677d1,4331c5fa-0c04-4383-82b1-e30894c79faa,2025-01-01,8494,39,39
a249bcd3-be5f-4aa8-9972-81037f2f77cf,38b1b216-5f76-473c-9686-80400d72f5fd,2025-01-01,8990,969,36
f408ba07-7dc4-460c-a5c9-4c39b33596c2,3da30da7-340a-4fc8-beaf-10397164baa0,2025-01-01,164,798,60
52b455ae-4db7-4453-bd08-a2bfc083f72c,4cafcfae-fae0-4a04-9477-4a638b7b6192,2025-01-01,8791,271,62
78b1ac59-3fd9-4ff6-9228-3a8c2d4db550,589d010f-985f-4f5d-b3b2-b7d6881386c2,2025-01-01,9504,443,46
61cccfc5-d6dc-48e4-bb76-1c02fc237bc1,9e81a5c3-62e3-4e50-9736-84e568b7342b,2025-01-01,4743,375,53
33d4528b-a90c-4281-8174-e422369f557e,cb4bcf8b-f6e6-41e5-a480-9714d392c485,2025-01-01,3101,826,3
04b06b6e-9d5e-4b0d-b7ee-44af720838f5,ae0371e4-cc5c-4f92-9529-1d82d2d000be,2025-01-01,1621,128,11
b33a8852-ec4c-4ba2-ab1c-2ffee695c33c,4cfc95de-7f43-4a51-b03c-dfa053a704ff,2025-01-01,5578,180,67
f17e55a0-04d9-43d8-8a44-2876043d1ab5,e7b3c8ee-19f6-4f0b-82b2-e88e8034a988,2025-01-01,3645,756,22
8ed9799d-8609-4bbf-a293-86230e6b6e3e,7e9b5a5c-1c19-4668-a362-b995e2c2db7d,2025-01-01,3260,279,40
e9f0c5f8-4a0d-4023-9aa3-4d744b81a697,d41c8a7f-9c1f-4590-80ce-8e672cbfdd8b,2025-01-01,6877,452,82
a2bba056-7db7-4708-b2c8-30b11be33ed6,52023340-8b68-45f9-ae5a-3ccf76f5b732,2025-01-01,5283,622,58
7d4ed1fa-a285-4748-bca9-75a6f43902f4,f3181698-6a32-4159-8315-139765d676cf,2025-01-01,3512,294,19
778be6ba-3abe-44bb-bf8e-757eaa85459f,ee756995-0b0f-4d8e-8ba6-5b0ed91b49e6,2025-01-01,1353,682,92
b0fe56b8-03b3-4940-b170-958fd2fbfb4a,09c5f405-fd4c-4a45-821b-724eb8ebdef5,2025-01-01,5279,860,85
c4447e5d-34cd-4ebb-9b0d-499bd4779ba2,6bbfc12e-5e78-46f6-8766-a0cf3eebd41e,2025-01-01,6096,480,99
f2484e59-3c86-466e-a45a-2c9828a13b1d,7eb8f151-a2d5-4e09-9e88-0afbe4703b9f,2025-01-01,8928,179,80
65e28956-9dfe-4ff4-9906-d30556c87425,8c696368-5fb7-4033-97c0-5544df5f56bf,2025-01-01,8774,948,3
fc846120-a125-40b4-870d-41c35fc490fd,11b3b473-efea-4bc2-ac5a-61ae242b8f1e,2025-01-01,6414,843,68
4cd37629-dcc9-475a-9fbf-6c8a0f1b093c,21433cb2-4623-46ea-820c-61453aa6e757,2025-01-01,5955,644,23
37c3e370-630e-4df1-8935-30bc35e57e62,4fec3222-cbc3-46db-ae02-6f808343b379,2025-01-01,8004,731,21
46d0a3cf-4723-47de-ba0d-d9e7918c9e8b,69e76ee8-1f15-4a43-9332-125c3d3fe531,2025-01-01,712,120,3
f51d102a-32be-43e2-b6c7-b038a5609333,7b47d030-8762-4bd6-81ab-083cae7ef866,2025-01-01,7942,461,75
deaeb57d-4bae-40d5-b017-641c3add589c,779e8091-cb77-49e2-b0b7-f1a9682f03aa,2025-01-01,4693,584,51
b89771ef-37ea-436e-9fb7-f93868365436,11b543d1-28ba-434b-b33c-b2d0a7bcd6cd,2025-01-01,6078,134,56
a37cfaa7-a6b3-4714-b384-a8738d1f85ad,d939b7bb-e3f5-496d-a1f1-639eb6d87668,2025-01-01,3591,568,6
401a81a9-7d9a-400f-98b4-e5f2339fbd25,6a785516-2299-41b9-ae25-24c416cae5e2,2025-01-01,1945,60,7
cc8935eb-2126-4115-9b14-8a300da327c9,f6d350d2-b417-4ef0-b8a9-895383981043,2025-01-01,8341,36,58
1edeb342-7110-4af6-8a4d-2bcb5629d714,70760b87-4073-442d-9a9d-d030840ed0a4,2025-01-01,8779,892,33
cb4588f4-dc8f-4d4a-b200-4dc812823cc5,3c6210b7-5f94-44c6-8732-40112697f691,2025-01-01,7257,293,90
da3419bb-bf38-4aee-aa90-792f97205808,11dafb6b-3ed6-4e54-ab21-9b1183a4b9f7,2025-01-01,9650,253,8
0719fbb2-52dc-4161-a8b6-2e8992462580,fe6fe0b1-5c07-4965-bbc2-852aca0777a0,2025-01-01,8977,943,53
32c4b596-4c07-4e53-9585-8b8035bc1387,b20cfdd3-b45a-41b0-897a-1a3e51734e94,2025-01-01,929,352,20
c3bbf32e-51a8-464b-bf75-f5e7458c6add,db1d83db-fa9d-43e7-a568-f5cc5a95b107,2025-01-01,3762,532,17
ad5b6acc-cfff-4a3b-b152-6da905707682,f355dab8-270d-441e-859c-ef1c034a66f9,2025-01-01,2150,647,38
b2d3a742-01ab-4272-932f-78631e726d1f,58740909-6321-46e9-b909-774451f30bcc,2025-01-01,5581,273,38
6db7d40a-f15a-41ff-b82c-a2271a6ad9be,46063565-a3ac-47b4-a636-709751923d17,2025-01-01,1389,493,38
456cc482-cd4b-4552-af4d-b8ad498a4ffe,93a48a13-d889-430e-9475-4766a64432d1,2025-01-01,4766,579,36
b9ce2ffd-f47c-4653-9d57-5d4c728f196a,5abb10ea-dfa6-4355-b73b-67254031e567,2025-01-01,2416,75,9
50598340-897c-456e-9204-483ec1cf1dc1,c99524fc-50a4-4dbf-a8ea-355ffe82de86,2025-01-01,5664,589,71
d4d5f77c-b27f-443f-ab64-34562c000cd8,7cb8a350-704c-4842-8013-7c1c4a75cba1,2025-01-01,6882,272,27
145eb41b-5caf-40b7-99e6-841e88f7894d,74192831-ced4-4c7c-98a6-f67de683f798,2025-01-01,3460,841,24
e3db6b0a-6a15-4ebe-b65d-b770f0b72915,ae160ce4-d294-46f0-8284-ca02ae64df5f,2025-01-01,7101,790,50
1bf80d4c-ab74-4188-8b8b-4eef86c6ade0,3c6210b7-5f94-44c6-8732-40112697f691,2025-01-01,3851,211,69
32f0ad0c-5c02-49db-86f3-1d20a9d5014a,59b6bacd-aef6-4406-9bc5-136a8a793915,2025-01-01,6145,223,64
9a6727f6-a0d6-412b-ade1-5be4a3fe7777,ac64e220-470f-4d6a-bd92-67599403acfc,2025-01-01,9624,505,17
c0ca6c4a-ad30-45cf-a258-625c4995a273,f135b887-6f46-4e92-aee0-d14ed168d0e0,2025-01-01,3949,498,8
4927a887-586e-4525-8fbc-b5a6368a13c9,618421fe-ead1-4224-b18e-38698ced9ad5,2025-01-01,9026,940,95
fe87c762-0fbf-4dc6-b1a1-e8821c76a178,51d2a450-c9f9-4ad8-a9b4-81ae29bb4457,2025-01-01,4633,691,54
d0e8292a-1026-4d4f-b2af-6a951e7e9ba0,2064f8a9-87b2-47de-9633-c42248cf76d0,2025-01-01,2264,211,9
c7de10de-426d-4b9e-9bec-f6cc2072e2ab,02a735c3-cd4e-43d9-94e2-29c21f3075db,2025-01-01,4387,555,69
dc9efb58-0759-45be-9f20-abcaa99d8a2d,d88bd9e9-ba7d-4ed8-a0f9-f44ca7b4f797,2025-01-01,2209,801,15
f7723e63-4b0b-4a97-b6ca-cf3c39f339d4,ffa7859b-9197-4a98-bdd0-c27dfe812a5a,2025-01-01,2051,889,76
e3bfc9e5-2a1f-4fd3-b01e-68d11639d01a,350f1fc8-11cd-4b22-a3e6-0d4d23d83667,2025-01-01,1586,907,51
24a43972-dce6-47fe-bcca-c57cf55432d5,8ec0c796-1dc7-4ac3-ac22-4f3cdaed07df,2025-01-01,6215,447,39
4d94dde7-2b4a-4ae1-8aeb-9cbf0f17fdef,dfd6ec06-2c82-417c-b928-bf8bccb544ff,2025-01-01,2972,153,7
b7f79801-f52e-4ee8-8cf0-d32034b740cf,4cafcfae-fae0-4a04-9477-4a638b7b6192,2025-01-01,7811,803,14
b2739eba-2c58-4f09-b78f-bd9c4be86944,79c2f3c4-3de4-49e0-aaec-700c780004a3,2025-01-01,4780,795,4
50d05f83-2f49-46b6-ae51-65b7f60aa43f,6c8d84e0-e8b6-46bb-9287-5b6558bcc62b,2025-01-01,2585,106,24
dcded47a-5490-48a7-91e7-c9768fda9a82,edeca2e4-2ff9-404f-9a4d-d143fbca3e54,2025-01-01,4350,178,19
a3cf483e-08a2-436e-bac6-d95efd4722aa,bc50b49e-bccf-4137-a1b6-026bf8f77546,2025-01-01,7962,683,29
2f7375d9-5d09-450f-94e2-cc856335fa9f,16dc87da-34eb-4980-b05c-a5e2e0a6e470,2025-01-01,1499,764,30
f82b2c1b-52cc-429d-b560-881485ae32e1,96869474-e1a1-4ea3-849e-c64fc6723f57,2025-01-01,9260,776,46
873b91b3-ebfa-411e-9c14-792e96886b17,d7e48750-247b-4a52-a227-bed98c316dd3,2025-01-01,8921,480,68
afa7c30c-74a9-4324-8607-7d7bb477c98f,9a9c786e-38e1-49e9-9d0b-8ce29757d25b,2025-01-01,3721,150,70
a1182bea-26ec-45c4-b56e-f569c465eaa0,20f7475d-fd38-42a3-8ac3-6550f694889a,2025-01-01,8779,723,79
fb6061d3-fe10-4230-99c9-1e093d766457,4fec3222-cbc3-46db-ae02-6f808343b379,2025-01-01,9230,246,93
b7818412-3efd-4efd-b09e-25786b5be937,66cf5013-f164-489b-aecc-1f91a568cc9e,2025-01-01,7713,768,19
8a29b59a-b6bb-4726-a16b-622971e395e8,26b0d100-1f31-4470-ad10-15edec15cb2f,2025-01-01,3082,654,70
71484769-eb4e-4fa7-b901-c4475aea598e,3e754450-a85b-4012-86c1-8b26f5343775,2025-01-01,4470,720,37
60f2e21c-f6bf-4bdd-8243-4336b8629fe3,db21a562-b49e-4b47-a77d-2e1383869810,2025-01-01,5217,324,37
30b867db-a32d-45ab-84bc-e0aa1c37443f,38062937-2622-4f79-b9cd-4a13e36959ba,2025-01-01,5232,631,37
9bbb7e24-8ee3-40f5-be13-b4f4aa248113,74dae471-3fc2-4cd0-a83f-13bf0a818667,2025-01-01,7088,624,55
ac6d4723-8c6f-4cba-81de-a3b27d3a6f78,b585ac00-25fc-4399-979e-3f3b8e60ff09,2025-01-01,9701,512,77
f722dae2-e139-4516-9d40-730ae55c7a36,a2c0da26-d588-4058-ad2b-1d0c5efa609d,2025-01-01,413,292,93
2ffcb22c-4a55-4bea-baa9-526b99bc2a1d,dc8d1159-f96e-4b44-8b01-bc919920511b,2025-01-01,4050,177,12
67d9f384-9789-4bc8-afe1-9e1f5c07e40f,dce31788-33cd-4f6b-81f7-b654dfe1749b,2025-01-01,8201,512,29
161b6fb2-451c-4695-bf6c-7744d3c527d9,90859dc5-f7c5-43af-9db9-3a4d84bb19f9,2025-01-01,3222,212,95
af39abc7-4b73-40aa-9dab-02cd2186beb0,c3f41931-03f7-4ac1-9e05-0494d4ddf7f0,2025-01-01,2240,740,99
6d665f6e-1c4a-4b9f-bd15-5bd0b9b89f80,6c23353d-69e3-4e15-90c5-990e19a7e24e,2025-01-01,3675,983,22
e032f5a7-c271-4b9b-a9ba-57dd5e7a4751,5ac3165a-6bdb-4cae-9290-f03bbd5ae0da,2025-01-01,5749,654,64
0dccc803-32c2-4107-bdf2-a440780221ea,db21a562-b49e-4b47-a77d-2e1383869810,2025-01-01,1433,496,16
0f39cd10-42e8-4935-b1b7-8d3284321ef4,017f1542-c856-480a-ba7a-0669181327be,2025-01-01,8459,213,97
f3fb7850-a7ec-4232-9e3f-d16e78907b80,c816e109-cb99-496e-8e5f-e40a4db7baae,2025-01-01,4616,547,84
7152b49f-ef53-42ab-8808-bd012977f605,d9dcae65-ae35-4a50-9e56-0c5a467de2d1,2025-01-01,7814,686,37
d2053024-fc75-4657-b367-7cbb5510ed40,12449902-3baf-4c70-b547-7206703ee1ac,2025-01-01,2614,530,1
f876c876-4274-4262-babf-acf67cf96754,578a2614-943b-49ab-939f-42f93c91e6b2,2025-01-01,6319,523,60
d81b4222-4a76-4571-bdd0-42b1eb5ffc28,fe1bdf52-58cd-4411-ae95-c65ff665a631,2025-01-01,719,340,60
b785b2d4-3072-4d19-a588-11ab276dc2d0,278380d5-c6e4-4385-b3d6-cf1abf9493a0,2025-01-01,4684,965,56
f69881ae-40d2-4fd9-a652-858eb3094bb6,e8565799-73e0-4609-9ebc-2f0917061ff9,2025-01-01,5773,430,29
d06f6dbb-b3d8-4815-94c9-113b2a32f6ff,18dd1126-34b3-4ec7-a87b-1bfb7fb191ef,2025-01-01,1232,164,80
9581064f-81cc-4b28-8154-0225a2b0fd40,5d143e69-c5df-49d7-b3ba-01abc8fcbc5b,2025-01-01,5291,237,76
653c07ca-3196-41ac-8275-02593df87eba,2f73a6d5-2ebc-4e3f-86ba-0582b8418559,2025-01-01,1025,260,88
78fcb4a5-a5d1-478d-a118-0372d677c199,3f7a6daf-2b64-425a-912d-b136febc7244,2025-01-01,8824,217,86
a634bc69-098e-43a6-a13b-94852bb6e4ce,19f3618e-ad78-41ee-882f-92a9a4cfeff5,2025-01-01,4462,431,32
8a58a54b-02d5-495d-988a-c491bb58152e,91a17d8c-89ef-4072-85b8-2bf8ed87c88e,2025-01-01,5605,167,4
5764f5e2-5a27-42b7-a498-8a0966d66649,de63c03b-8f66-42b4-951a-4b8a4d0651df,2025-01-01,3458,448,27
c54d746f-884e-4418-b0bf-bb868a275158,f1bb00f5-f722-47f7-bbfe-8f56b68eee2c,2025-01-01,8086,852,91
84e3f253-4950-42f9-bc42-3852658d94d7,a682bf81-5683-457e-8e97-d48a67bae22e,2025-01-01,6633,375,21
b5c98318-cf42-4daf-a93e-4c9235e7d611,79c65e87-a28b-4eb0-950c-c51d140452e4,2025-01-01,4759,804,24
b8909bae-a04c-4bb9-844f-60a5815a1981,79c2f3c4-3de4-49e0-aaec-700c780004a3,2025-01-01,7328,3,62
7b08456e-9139-44f7-a9c3-42e7ce044fb7,6b1ff9b0-9981-42a3-ab90-9e035b5fd79c,2025-01-01,1508,760,4
c8b5650f-5556-4426-9831-6bef3ae3050c,7745203c-0ea9-4605-b66a-52fb2479d3f8,2025-01-01,6604,964,58
d13c832c-3fb0-4a1d-81e1-8d64f75d4444,54f0e562-8e06-4c94-80fe-a910cf8f85e6,2025-01-01,6215,114,42
fef6b4b5-dcd4-4701-a83f-d719fbad4044,5c17fa2f-86d3-4d3c-ab87-f650876db207,2025-01-01,4355,807,1
ea4554c4-d006-4674-bcf6-f4107fdc74c3,16dc87da-34eb-4980-b05c-a5e2e0a6e470,2025-01-01,3232,908,8
f4607ac6-c89a-4050-90e8-10627d585087,58f65ade-2dc0-42bc-8c61-58d80164cbfb,2025-01-01,8034,171,98
e6f8138d-1973-48a9-a7f4-85b4ee17c31e,37ffe8de-dca7-4b77-996f-341cbb8d340a,2025-01-01,8984,76,93
02e5d28e-b036-4953-81c6-6e6e2cea3790,74981e41-0431-4a8f-a6d9-d65858382127,2025-01-01,64,453,85
90e928cd-6a72-43b4-a134-7322d8d644c5,59b6bacd-aef6-4406-9bc5-136a8a793915,2025-01-01,4586,449,76
78de1445-9c02-47ab-bd9d-3bec6e1f882e,f5bdbd30-bba8-4555-a574-0a23adbe1f67,2025-01-01,4029,792,0
8d39026f-fa66-4b2b-b27d-342d70d31df8,4c1bd012-f3de-4cdd-bdd7-c663c4bc33b1,2025-01-01,1554,464,40
d644eee5-912f-4cee-a124-fb29ad5394e0,b51b1880-e151-48dc-94a4-61b43887333e,2025-01-01,5683,710,76
104cfee6-5ef6-4a6a-933c-2cd41f0a44b1,a488eca7-6c54-465c-9d1c-9f9aaa02cc40,2025-01-01,8263,909,50
342df81d-70ff-4ffa-a8e2-4fc54a800275,d3be4c6e-a827-49d2-bcbd-91022bcb16e4,2025-01-01,9761,100,24
52d85d6b-3a03-40f4-87b4-9b4efd59956e,e18b842c-c06b-4cec-b839-91d2d60031a4,2025-01-01,8166,90,52
eba89f77-8b6e-4113-b08f-0a72021eabd8,c3acd28c-149f-44f1-bf63-442565e31ca4,2025-01-01,5603,130,33
2a41aac6-af55-41c8-9e91-bdcecdb9fa12,0c970905-5a87-49d7-9d4a-ccd2566efdc8,2025-01-01,2782,824,80
c2ad8a22-3ace-4bf0-a90f-ffdb4af0260d,70760b87-4073-442d-9a9d-d030840ed0a4,2025-01-01,3613,149,45
a1c61def-1282-4888-bb92-ac24ecce68cc,6de079c2-a93c-45c7-9568-ba837c157e1c,2025-01-01,8742,383,35
e38f0928-1740-4aa5-bb44-c79530863cf2,01f9f4cf-d342-48f1-9170-4b9952c404d1,2025-01-01,9588,657,39
7d531995-0c29-41c1-890e-b0b655de8610,cbf8bd30-c7d7-44ac-9036-86c91fc4e228,2025-01-01,5501,683,2
f740f5d9-f2bb-40af-8acf-6157dfa136d6,c5e82465-6ae3-450e-82a0-cfcc8fd6ac7c,2025-01-01,8586,250,22
8c82c9f3-1bef-4dcc-b077-9a4d5b289386,43a30b56-833d-47b3-99ec-19139f8c6406,2025-01-01,724,382,18
cdb4cffb-02d0-49cc-b76d-3dc0086156ad,03ade0cb-ec91-4123-abf7-2f65e7f4427a,2025-01-01,8473,857,62
9375a146-d646-4ffe-8f6a-98fedbe4fcb6,edcb658f-5542-45cd-bce5-2ed4de38d0a4,2025-01-01,1968,191,46
f6147e05-722d-465c-b804-ca9571458419,7923beb4-9326-47aa-b17b-3f600acee05f,2025-01-01,6613,757,58
4de96540-d2ed-4d3b-ad60-8c223f67c1cc,c0681431-2e66-4eb3-885b-213a256e18c8,2025-01-01,885,121,28
9af3c289-efb6-4281-88d2-9bb6438ce847,ce298cde-fbea-4556-a9ad-f0613a0498c9,2025-01-01,6222,405,6
bc20c2fc-0ea4-4c3d-a82d-2a7231902529,a78d6208-1f93-495f-a2cc-813ae0245945,2025-01-01,4570,580,60
53467fc1-e152-4a9a-88ee-a929913ffead,cfe4a590-20ec-467e-9226-ceb9fc343c39,2025-01-01,5060,383,50
5153d049-b7ec-4f9d-b59d-b2cc251c7bbb,15fc7d9f-5aab-4ab0-9dc1-89027112ff7e,2025-01-01,3998,297,45
9d35bb03-5545-493c-a027-ef5172b22fe8,94ec4660-2f85-4d5c-8f75-82b6e91d5fe9,2025-01-01,7808,370,62
d5792932-c576-4143-a9fb-91ae7a01990c,11833a25-03d4-470f-8327-9dd93f76fb72,2025-01-01,9779,210,63
514ed7e3-cf01-4745-9c38-635e4a288414,f1b9c77d-6e75-4800-9581-7a801de65757,2025-01-01,6078,752,69
7f931b71-29a7-4f29-8169-5548f6365613,ef875789-6553-4db8-b19e-966474e7c6bf,2025-01-01,2592,583,96
08677090-5aa1-402c-ba1a-d7ea80f3f059,1b713fb1-a7a2-47be-8ef5-34bca98d9494,2025-01-01,1217,862,55
1fd65ea0-06fc-4a9e-bfe5-6e6610060726,47e2f2c7-7fea-490a-8e40-263b8890194a,2025-01-01,5618,994,38
d84176c2-1b64-41f9-8d03-99ca1ab425f1,1c924d30-3136-4ce3-b621-a13415f3a7c7,2025-01-01,882,866,23
e2c76b50-32dd-407e-9d3f-88c239ebeb61,6111c8c8-9c17-44da-8e32-6e04f886e886,2025-01-01,2332,659,86
9b8a4374-d292-4abb-93cb-9060ab4cb132,11a25263-cc5f-47e9-933b-cd476a114108,2025-01-01,2861,885,3
9027a932-8714-4f89-9f96-2c040d889a0f,6395e7a6-2f6a-44cf-80cc-ffdc4f8ac216,2025-01-01,319,818,74
aa516320-49ed-40af-8a70-5495dd1613f8,6af7e714-1d50-413f-a1fe-c7e7998bb209,2025-01-01,4902,884,78
c9170a6f-1793-4399-a89a-f18876f3652b,f1bb00f5-f722-47f7-bbfe-8f56b68eee2c,2025-01-01,965,223,84
a1a575ce-c7a0-419d-9b4d-5249ba1c50ec,ee96f59d-099e-4665-89ff-2d2285ba7109,2025-01-01,415,47,62
03dfe525-b6ae-4221-979e-886cb45d9f01,b8ab8ac9-1a23-4f62-a76c-94c6273c941e,2025-01-01,8490,397,28
9d480057-3934-42bd-af72-362371d94627,213d2690-0ea6-4643-b17d-809aaecb9358,2025-01-01,648,656,12
0f5570ea-bcf7-46ba-a5f1-c026dd36e2da,2b2be175-6624-458b-84c7-0cfb5e03a0f8,2025-01-01,9473,118,81
0dc5ad39-caa8-419e-9d74-66d72a6d31d9,b563a5f5-7b75-48ba-a21d-2780b2c6de7c,2025-01-01,10,461,9
8b31e70a-22ce-40de-9430-f92e00b4b912,47caf60c-2aa7-4058-a063-9f560387762b,2025-01-01,8136,849,51
2efa790a-a8b5-4b85-9279-769bca6afb8f,daf72a1f-2a87-4cd3-977f-b444ccd0ba10,2025-01-01,8514,380,79
bfdff437-d6ef-4fac-9d4f-9a2a98ed8604,45577a26-f1f1-4f46-8b29-3957746c3fb7,2025-01-01,9539,195,80
3e74c366-d2f3-4833-a1ee-c0732f795dbd,183c6cf2-39a0-4007-afc7-f811c30ec2db,2025-01-01,3389,666,40
9a245181-3bfd-46e6-8ef4-ade54f7af5aa,d49a69f5-d937-4b9a-be53-496bc5663c8a,2025-01-01,4687,684,35
3a50a0b5-d172-42fe-82cd-d2d03bd1dfd1,8b894b28-855a-4271-bf5c-69733cb58b28,2025-01-01,7355,326,38
bbf997af-530a-4a8b-9007-689d2e194b91,bc8dab6e-0bcd-405b-bab2-4a8e88cd876a,2025-01-01,6490,518,79
0e8be312-87af-4dce-9ddd-7e2996240616,e0458722-01c3-4c5a-aea6-14af5373d488,2025-01-01,7429,831,42
5592c390-492c-4a0b-ba5c-41a2ade9aa7c,e5eb8fc8-8b60-45ce-9cb5-756e3e217fcc,2025-01-01,6863,572,10
ebb10fd9-7310-4853-8eeb-a03ee45fce21,82ea7efb-dd18-42cd-a4e3-9e2f4519beb5,2025-01-01,7398,639,26
e3c35d19-a44c-4e17-908c-61a572f266b5,14577fd9-f7c2-49d0-ae35-a723cd95f2c5,2025-01-01,8807,296,94
dddbeab9-829c-479b-a24c-b95e76bed4d3,a04bf9b9-d959-4677-a6de-29c1ee96685a,2025-01-01,2108,492,45
4e889525-1bdd-4c91-8236-af67e9159c37,ca8ab063-c586-4cc6-9a0a-ebd3a8c48044,2025-01-01,5457,416,9
9bc3b332-1a4e-457b-b2c9-f120a6f2b5c7,e6b3b1c5-3c85-46dc-a77e-b031f78dfea8,2025-01-01,3817,75,11
5e0f2fc8-d524-422a-ad8b-6b09f96b2ec8,7c718c61-9dfb-4ae9-9f8b-f02360d6ae18,2025-01-01,4065,282,37
0d7adebc-60b4-4aad-abd7-fa0a32fa365c,d6716325-d336-4dcd-8758-6f11449f8c60,2025-01-01,9562,26,72
4c72af89-603b-4d68-a2c4-6c32aaffa947,f7d12d27-d34d-4871-9ebd-5d25aa83a81f,2025-01-01,6857,630,1
8631860f-9fb7-4483-b419-44e6cf963d6a,d88bd9e9-ba7d-4ed8-a0f9-f44ca7b4f797,2025-01-01,1360,213,96
4e5c8d40-49a3-4a84-acd2-aa85dc66e1ce,db29423e-7f3a-4b46-937f-09b85283f907,2025-01-01,8150,135,33
d9cdb56e-c1ec-44e9-8cd6-d5998c346b6f,bba7a942-a9e7-43cd-853f-63e8dc386229,2025-01-01,8493,395,66
b55fb538-6cee-4e7c-a24b-2ee5a834f003,c8d78ac8-9f50-4876-adc6-97bf5c1befcd,2025-01-01,1349,598,73
cbf75277-82ca-4299-88c4-00ca7ea77bb6,f992d12b-a879-404f-98bf-3ee8aa41752c,2025-01-01,7226,751,73
e361ca20-cef5-4e11-ada4-31a9dacef396,b3853a75-9ce9-409b-a376-c415766a0128,2025-01-01,8639,531,64
e1a08568-18b7-4738-8e3a-60d5fafb3a79,8016f7b6-ce6b-4a4b-9413-e47812fae19e,2025-01-01,4309,943,51
7d640ccc-c658-412f-8371-1f7f1ebf567c,30238c3d-44f3-4729-96ed-f79fe0b728a8,2025-01-01,4576,214,59
83efd314-87dc-4b6c-a1d6-a40c518207b1,7016175d-5293-48c6-8773-7907ea1ac9b8,2025-01-01,7518,919,50
7ff787c4-c3a6-4566-a94e-91aff5603c39,09f9478a-1ef5-4d81-918f-43e96ae629a0,2025-01-01,5172,75,61
4aa91e80-d828-4806-a0df-f2be977ccc88,59277166-0596-4bd7-8aa0-b1df5aeaa255,2025-01-01,8822,605,52
b6d305b5-e34c-4204-a74d-eee2d1e05abd,ac11fecb-ca79-43b4-af62-72962199c13b,2025-01-01,2384,890,43
71ebf547-f198-4f57-98f7-84e104991579,595136ac-51d2-4f2b-bed2-654ed41dcaf4,2025-01-01,7187,482,30
937089bb-5e4a-49b4-9c3d-fd520cb7d2c3,6933f6ad-872c-43a3-893a-83901482d707,2025-01-01,549,698,90
78f4f94a-dca2-49b0-bdf7-a679fb841503,199cd37f-ae78-4fe1-ad8c-4e982e6cf385,2025-01-01,7223,136,99
e0ddb529-7552-4866-b3c9-7b4894aebfe1,58b8f4eb-2f44-4085-89e0-43ebe68c0a3a,2025-01-01,4494,892,7
093e2641-400e-448e-b15d-b02b4a6aab1c,f2510abd-bc56-462d-8393-781e97e956a5,2025-01-01,1250,394,30
d7e90e3d-42a8-49f0-a023-e1f63680ed17,6de44ff4-1573-4c85-8366-cfcc5de9fe1f,2025-01-01,9146,855,91
aac525d3-c11e-4918-808f-72065205db0c,19f3618e-ad78-41ee-882f-92a9a4cfeff5,2025-01-01,3746,599,72
6a8c25a7-8140-44c4-b81f-cf1f8708b1d6,b99e18b3-a1a0-4ffc-8484-3fafb0fd7d05,2025-01-01,5713,398,83
5a43dd55-7954-436e-81c5-cd95315d6e58,e1fa450c-23d1-4a81-95fe-30dafde41b15,2025-01-01,7169,741,89
8da35296-8b88-489d-af58-f2f4121c14e5,6bbfc12e-5e78-46f6-8766-a0cf3eebd41e,2025-01-01,9715,985,2
15a209ac-9d6c-457e-8bfe-7be9c14e8af1,b27b55b1-3397-44d4-a04b-46cf3466ee0a,2025-01-01,5801,958,65
77b2b1f2-0644-43e1-bb58-d7d2e3c020d7,9d4d7404-1751-4697-88b2-15dcf64ba4fc,2025-01-01,3725,268,6
62559763-7e4c-4d41-a241-8cdb199af46c,12d9f7af-0915-42a5-b60c-714f51d9eb4f,2025-01-01,1801,519,25
0da3fe02-651c-47e2-bc7a-a296d2ee8839,fdff471d-f704-4727-a50a-7c50e4646f66,2025-01-01,9422,509,93
4fa49004-577c-4fd3-8bde-47cd30be3e33,e0458722-01c3-4c5a-aea6-14af5373d488,2025-01-01,1343,221,13
70f9ffc4-fd0c-465b-80ae-445e1deb7b68,cb2713f9-57fc-4936-90ae-761c7eca43f0,2025-01-01,6342,500,72
a84dca55-8d76-45b0-b194-c334dfcded16,9a863734-e786-47b1-82c2-f976cbc54db3,2025-01-01,8914,45,50
eaf64d6c-02f4-4598-9678-64eab869c3b0,1d53243d-61dc-4cf2-b23f-13d02a321a55,2025-01-01,3308,11,11
6c1bc225-292d-4143-b49b-b5748f75eb7f,ecd0388b-c49a-4bb2-998a-688845027104,2025-01-01,7395,670,74
98f08063-aa81-4698-ace7-bbeefdf2fc38,51d2a450-c9f9-4ad8-a9b4-81ae29bb4457,2025-01-01,2502,155,68
8988a06a-8ada-42f2-9f19-efbe9c4a390b,cac82456-4256-44a5-873d-fdd0b2bdc230,2025-01-01,6500,487,5
b1a2ddb8-007e-46e9-a7a1-1bd76d722f46,9d876a1d-c3e4-4125-9980-641ca43c095e,2025-01-01,7523,965,5
553486d6-9f3b-4d9a-8743-f168d12cd4f4,3720a8b1-5fff-401c-a537-e77eb93ed4b5,2025-01-01,5687,146,43
a8643b21-cf1c-4a29-af83-465e448d501c,58819b5d-bc83-48b5-aa7f-98954fcbf8b0,2025-01-01,3278,862,17
6241753f-0b71-4f8f-9d0a-952b1bfca4cc,a0ec8e6e-777c-4b26-86a2-6fc8471bafaf,2025-01-01,5838,553,68
a41355e4-bb6c-49b3-ba83-8129e56c355c,d736cf4e-bf76-4cc3-996c-8db1de150ed5,2025-01-01,871,510,60
cce8ea58-fa49-417d-a8fe-9241998f8a31,9e15e58b-7b78-409f-8b0a-989f5d350967,2025-01-01,2185,943,38
d14e3851-5e27-482a-9096-8f19f62ce744,45041e05-cb56-4cf2-a678-5f1a0f86e24c,2025-01-01,1671,616,30
258b290b-d171-4737-a840-108049a9f5f6,f74f565a-a625-4b41-b965-01f8de99d408,2025-01-01,3763,583,86
33bf7cbf-cf3f-48d4-8951-982eab27fbfd,ee96f59d-099e-4665-89ff-2d2285ba7109,2025-01-01,6456,996,44
ca8c5ebc-b377-4d4c-9fa8-41dc6ef7e6d9,e0458722-01c3-4c5a-aea6-14af5373d488,2025-01-01,8294,363,1
877e4d70-e521-45dc-b17a-bf4af6c0b0d1,f786c4d1-c5cd-48f9-a877-e53a7abb595d,2025-01-01,3899,286,35
aafbdaf9-fff9-4050-8096-d999f585239d,dc438e54-6408-4910-bdcc-a283e1644042,2025-01-01,5315,853,86
835f2915-d526-4c9f-9b60-11f787a9d0f1,414f1101-b3b5-41e2-a2e3-34f413f417f0,2025-01-01,3104,9,17
b8f3e6e3-1bf6-4e4a-bcb4-356894755c59,20e7d7f8-7968-4885-881f-edc34502bad1,2025-01-01,2167,94,60
095331f4-0e26-452d-8d79-04afaf228a42,ea645528-3339-4c07-9c99-d6b95e331a9e,2025-01-01,3984,115,18
41df5006-c9aa-4076-aabd-51710469b827,959d815d-bfbc-4f68-9405-f8d8eea87095,2025-01-01,7634,153,0
6d912dd9-79ca-49da-a31d-4c05bb5d4e63,ec61108d-9ec1-4141-93a9-7fd4f02b0db2,2025-01-01,2131,978,92
e6fde65f-109a-46b3-8149-c1d805fc0816,e1a3db19-4d2d-466c-a9f2-f1869f58596f,2025-01-01,6129,547,35
2dc820ba-f7cc-4222-80c3-ab60cc204efa,412485af-3a3f-444b-9afd-70939627e7ae,2025-01-01,1536,186,34
704bfc2c-5358-4542-bf31-b5fe618340ba,5cc09399-4300-40d3-b018-382bb1d1980c,2025-01-01,6362,475,1
12860cce-3597-4f08-8792-c787a0f71d86,4ea486e8-fd26-4728-bca0-6518d1c1d167,2025-01-01,204,966,3
fde152c6-476e-41af-9388-557fcfae11bf,fe53f2c4-bf7c-490c-958b-cfa281b92526,2025-01-01,7833,152,38
c772ba4a-4891-4001-ada9-33a29b6b3c9f,43d6bb42-4718-4a9d-8d22-d193f7c90a21,2025-01-01,577,566,72
f9142552-bb95-4423-8321-bfc8d48ea971,d249c665-0a40-4035-a980-9e6c94274587,2025-01-01,7306,543,21
92f98e4d-b177-4112-8891-5c4f98ef785b,d5a6fd42-89c8-4ba0-8785-520c7d6ed022,2025-01-01,3963,611,63
56231c0b-7b40-463a-913d-e0cc2da8fc5e,5cc09399-4300-40d3-b018-382bb1d1980c,2025-01-01,8520,274,65
0e500d43-3f00-498e-b4b4-0060e6d706e6,7c718c61-9dfb-4ae9-9f8b-f02360d6ae18,2025-01-01,9171,755,24
8c4f5a83-0027-4659-84b1-0955ed8c8f83,5522b138-e60d-4205-897c-1a2ecd5f1310,2025-01-01,2925,266,13
677806ef-8d29-477d-a02e-4d6ad12633a4,59066a33-35fe-40f0-bc59-8c92029a856a,2025-01-01,2950,593,68
4bafc689-01cf-4e3c-8e85-17b61e7ce26c,381e20b8-7cbd-4319-925d-19a6333e7eae,2025-01-01,7922,493,17
de2b5202-9b89-438b-9bc1-45950aeff470,216201d5-32ac-4669-9732-e31b7e7bdcfd,2025-01-01,2720,978,51
63c36414-c5e0-4074-8ee1-23a2712e4dfb,f5bdbd30-bba8-4555-a574-0a23adbe1f67,2025-01-01,7031,216,46
0982a625-3532-44f3-a830-d43e98773a89,acb28fac-da4a-427b-876e-cee4acf3dc13,2025-01-01,9663,747,75
9ef8347a-4d04-40c4-8c0b-443063831286,fad087cc-913d-4223-828f-456d2ec3d21a,2025-01-01,9741,199,14
01941550-9b62-4a3b-9554-68646aba0d83,bd13977a-2de5-4ca6-b2c7-b144ec83f271,2025-01-01,4785,661,19
93ff8037-1c6e-4c08-9d9c-dcf7f13c70f6,5e548f89-e441-4047-a424-d5fd15c82bb3,2025-01-01,1617,26,16
c984a826-902a-44c2-af7e-57012af6309b,a4a8b192-91f3-4c3b-9c22-6124dc5c3ca3,2025-01-01,735,98,0
e4c1e2f5-a6d4-43b0-8282-076207456675,3c6210b7-5f94-44c6-8732-40112697f691,2025-01-01,1594,404,60
30dd5c00-afe2-4f87-a38a-4529cc74b4d5,5522b138-e60d-4205-897c-1a2ecd5f1310,2025-01-01,3466,748,54
76f9d7f4-8c28-461b-8648-0bec185bac66,c5d47363-8ce5-4291-b5fe-a929281a5eef,2025-01-01,115,807,61
61ba0538-3bae-401d-866a-430cb889e6ee,8c696368-5fb7-4033-97c0-5544df5f56bf,2025-01-01,3060,597,18
7f9d916d-896f-458b-9879-b53ddfc03007,4323c02e-f43e-4bc6-8478-4eace2042353,2025-01-01,2091,23,90
76a5ad6e-b6a2-4a15-aec1-6b2e3bafa68a,2dcb86fc-9eee-4ae1-b9bd-e563cf541b7c,2025-01-01,439,679,74
6a25a85d-3cfa-4129-8a5d-ab70d1abb42d,d965389f-267f-41f4-b285-1b4ffcab7e4f,2025-01-01,5502,773,98
0850e465-db23-4026-967c-c69de4b7c731,b27b55b1-3397-44d4-a04b-46cf3466ee0a,2025-01-01,1062,651,65
b538652d-9a0c-4955-b773-b990bd9210f8,ec6e9df7-5112-4610-abab-954efc0d8cf2,2025-01-01,4692,987,71
fb6c001e-7034-450e-97ae-90cf15f35354,f6e60319-d6f1-4009-9cec-82d607fb5a97,2025-01-01,2574,847,61
2d3dea3e-3c28-4222-a317-a1c871e7738a,ae160ce4-d294-46f0-8284-ca02ae64df5f,2025-01-01,7172,595,46
e4890d28-4e36-44d5-bb09-a0e184f6fc14,578a2614-943b-49ab-939f-42f93c91e6b2,2025-01-01,7821,943,4
21744511-da79-49c4-bfef-677436f37071,bc545aad-2423-4bdd-903f-d3021d5f33c4,2025-01-01,5006,15,20
a85b242f-cb6e-438e-9d3e-2157699c685b,cb0db3fb-8f1f-4ab2-8fb0-fa50b2fa4bcd,2025-01-01,1234,725,97
ad073f19-c77e-4e64-910e-01ddb34a2c8a,90d95bcc-4175-4953-b8a1-f16c17af0669,2025-01-01,3316,166,75
a8780296-08c4-4b91-8547-643c0bac9fb5,4fbc6070-0799-425d-a4bf-71a324c9848e,2025-01-01,5178,877,82
c0348633-323a-42dc-9722-0aafe387528a,c249e5b4-2893-4265-adf1-2de4c4ec4451,2025-01-01,899,175,48
814b2f95-5a24-49e5-9277-9b89b5194092,daf72a1f-2a87-4cd3-977f-b444ccd0ba10,2025-01-01,827,308,96
90831e82-6452-4bd5-a8e0-c8b01b1f9152,092693fb-f812-4cf9-abb6-d68bba79a48a,2025-01-01,9798,45,92
02b81ea9-4025-475f-81df-172e71b76daf,dba9df0e-a063-4ac0-8a66-e1ba447ec801,2025-01-01,2426,821,83
d7803c94-a499-4e23-af8a-ed36864aba96,1debad72-ca3a-4e75-8014-f5c74245dd1f,2025-01-01,1415,578,0
892f7c92-b4f1-49c1-93fd-e2d6beaeb287,aeffcc7d-e5be-4c38-80dc-01eb98f6fd96,2025-01-01,1578,713,33
b20664e0-cadd-43b9-b9ab-c4ada8e3e593,f03b7299-f5af-4298-ac2f-7c49960c495f,2025-01-01,3704,295,53
117d744e-53cc-4916-9aac-fab2e491c403,557ecdf5-c210-4eac-8a34-1c18bac39d02,2025-01-01,3383,438,11
94dbb3de-007d-4e9b-8913-c72dd602e0d0,d6716325-d336-4dcd-8758-6f11449f8c60,2025-01-01,3774,267,43
c0c04b05-af2a-4576-b9ef-c9648e67c6fe,fe1bdf52-58cd-4411-ae95-c65ff665a631,2025-01-01,7312,951,78
302985c2-d2ce-4775-bbb0-08be90c698be,9eae12ef-6e1b-4325-9e65-61472fb0fa76,2025-01-01,9853,520,63
3696ef29-bfd4-4e8a-a2f5-8727a5870880,12d9f7af-0915-42a5-b60c-714f51d9eb4f,2025-01-01,3626,319,74
8416007d-4325-420d-a4a2-4ba602babb70,af35292b-4593-4eb9-a7d9-ed9730148c8a,2025-01-01,7029,749,49
5fb99194-f157-4c8e-99b0-b59c452b6457,4ebfa145-64e3-47f5-b868-6ef4a5abc2d7,2025-01-01,6373,365,47
c4735189-170a-4a29-b01e-0a1cad552882,09f9478a-1ef5-4d81-918f-43e96ae629a0,2025-01-01,1922,600,16
8d4e546e-98fc-461d-8fe0-564b0fb78a4d,7745203c-0ea9-4605-b66a-52fb2479d3f8,2025-01-01,8838,85,24
f649bd47-6af0-4d9a-9d04-855cf86a9ae0,14ee6daa-6c9c-4ee8-99d3-9651daa1bcfa,2025-01-01,9977,839,71
b45a6d16-d12b-4397-b6dd-a5926bab5c72,c64282e9-009b-40a1-9a4f-ace4ea84a043,2025-01-01,6752,971,66
1ec017d8-e617-437f-b815-f1c5438af06d,03ade0cb-ec91-4123-abf7-2f65e7f4427a,2025-01-01,1049,986,51
7540d6d3-f5a2-4528-a368-615ddcc64d0f,bdec5948-144f-48e0-a349-7e5a24be2683,2025-01-01,8065,16,60
13d72dfd-d9a3-47e5-b9d2-28bc543b74ff,850bf9ac-f11e-4581-b817-9db557dcb8cb,2025-01-01,2557,128,13
112cbf49-2f2e-4057-a1ff-36fbd5cc8292,ce16474a-994b-439d-aedf-1d4c0fcbcadd,2025-01-01,2407,940,22
c1d1ec9f-4bc2-499d-946b-df34249f5ac8,1c446f84-b4d9-478d-8607-0e3eeebe3bed,2025-01-01,9328,328,67
f4909b40-b4d4-4759-b6c5-6f57a30c5ac6,1a7199df-7589-4fb3-81c3-480cf5ab446a,2025-01-01,7225,524,71
a129797e-fc22-4c0c-9a94-4225353cfbd5,6b3da84c-292d-4f01-8d88-f66484594496,2025-01-01,5533,853,76
cc981ca9-3e26-4381-b415-7c9eb343d94e,48aeb111-f690-4e71-aeb3-7b917e962fa3,2025-01-01,8480,508,2
464a89c2-f729-4eb8-b8bc-bb54878d682d,6933f6ad-872c-43a3-893a-83901482d707,2025-01-01,1350,744,41
58f48f3b-166a-4151-9028-5366694e201b,ca4c6cba-7044-46b5-bb14-1db5443b287c,2025-01-01,8027,237,87
f424c905-a34d-470f-ae0d-584c2d142a91,9d4d7404-1751-4697-88b2-15dcf64ba4fc,2025-01-01,4165,619,94
5b1d5e3d-78b4-49c3-b5e7-936223c826a4,5d143e69-c5df-49d7-b3ba-01abc8fcbc5b,2025-01-01,6168,522,75
9cc4a876-0208-4227-909f-8630c934e878,88062b56-cf2d-403b-a8f0-da5f5dbff738,2025-01-01,536,648,60
873ac504-4f46-4c25-a092-56872ba9150c,47e2f2c7-7fea-490a-8e40-263b8890194a,2025-01-01,4859,607,80
1a8927cf-6d71-4fa9-a787-e288a04cf8f6,0cb4b5fd-ff03-4441-b568-3652e4275391,2025-01-01,6652,960,14
d79274e7-3dbc-47cc-91ed-00834856b613,c76195c0-a94c-452c-a298-54cc54137bbf,2025-01-01,9796,20,99
07bdf686-1b16-4804-9517-bd37a4226e27,6111c8c8-9c17-44da-8e32-6e04f886e886,2025-01-01,5711,630,77
763aa85a-c9d7-482c-9b4d-6e5307fdb5b8,3b0b2c55-bd93-45e8-aaba-ac39bfdf61d9,2025-01-01,4859,275,50
4a0dd2d4-5f00-438e-a490-1a3a0ae18908,4be52281-a2b4-40b8-8d3f-7a3915b6e430,2025-01-01,7527,470,48
6234a1f0-c644-4fde-b880-43e4dc729f7d,c3f41931-03f7-4ac1-9e05-0494d4ddf7f0,2025-01-01,7060,720,37
d57c4221-fa62-40ab-a94f-a0535ceaff5a,861ffb83-44dd-400e-b901-d9333f251459,2025-01-01,7809,638,97
d359c85d-2f57-45e8-b2c5-ffa768084c0e,f1aa9f29-a46e-4026-81e0-28b28e5925c2,2025-01-01,4799,704,10
78f5d4eb-2c3e-4895-b72b-c2317cf39088,75354c50-28f7-451b-9018-050bf0ac3f18,2025-01-01,550,844,95
afbcfd38-fc45-4223-9962-5e8bbc54eaf1,59277166-0596-4bd7-8aa0-b1df5aeaa255,2025-01-01,9837,742,76
c1d31362-e8b6-43ee-ab57-424d77b1476c,1e2b300d-2576-43ef-956f-690f0cd92aa9,2025-01-01,7079,408,72
d6a6ba10-81f1-49a5-af4e-08e7cbf8286c,58819b5d-bc83-48b5-aa7f-98954fcbf8b0,2025-01-01,1305,456,15
4de6bfe4-db6d-4bf1-bd4e-350c4d08650c,5b917df9-b7a6-40b0-afd7-1f685e5a7463,2025-01-01,6206,376,63
1a368efd-7e64-4c1e-a434-acd6a0dee559,7eab486f-bd6c-4902-bf89-a061a4d85fa3,2025-01-01,1718,385,13
1a6d68f3-ad34-434f-9a65-26b3d87043b8,2f35ca78-41e9-4e2d-8a6e-60c3472bb57c,2025-01-01,320,16,68
830a298e-00ca-4dc3-b655-cd37ee688b6d,1352790b-9991-4d2d-b670-cd584b41bd31,2025-01-01,7981,52,26
e196d06e-d395-49cf-b5a9-e7e4a3867a41,154f15eb-d4b2-4b62-8088-90920093ceec,2025-01-01,2183,687,47
4d7f4c3a-776b-44f3-bcfb-d85986168be9,2aba2158-51d7-4e85-a56c-564e81f7b517,2025-01-01,7933,146,3
e0683113-df05-4ee1-a22c-b646c2d2712d,c260d3d5-ee8b-4f44-8359-2eeb6ae90261,2025-01-01,7665,650,73
0a431ad5-5c33-47f5-b6d1-a35945ecbc2b,1e2e539c-7bb9-4de8-bd35-50917f3c9a2a,2025-01-01,3762,321,31
c4ecc900-aa27-4716-9e1d-674bcddf565f,9da7059b-af79-4a8d-926e-e6f34e625cbf,2025-01-01,8595,186,34
ef7f6cef-ba43-4e8a-88d6-7feb4dfb7b91,5d143e69-c5df-49d7-b3ba-01abc8fcbc5b,2025-01-01,2116,256,79
ac698bf9-fc3e-4808-89ea-214922c4a45c,ec47b4bb-4fc7-472d-89e8-47804fa8e612,2025-01-01,3643,336,26
def31348-f1cd-464f-aec4-756c05b47449,edf0cbf9-f66f-4cec-a28e-244efbf7a01a,2025-01-01,498,892,16
aa5176ab-7b7b-46c9-ba3e-2edca41decf8,4cafcfae-fae0-4a04-9477-4a638b7b6192,2025-01-01,6935,567,49
015a95f9-dc4e-4612-a32c-9290aa822454,52023340-8b68-45f9-ae5a-3ccf76f5b732,2025-01-01,3014,252,23
0048a700-055a-4107-b4c8-d4c64ad23192,73830b8f-f357-4849-871a-6a695e717650,2025-01-01,7222,702,45
78a7f464-687a-40cd-ab56-41d179a8be26,a3eb895d-40f9-423c-aabe-9b3826bdff3c,2025-01-01,9399,88,96
030fe2fd-6efc-4a0a-a752-a2f6943e68e9,1c4fd3ac-1220-4a3b-9c46-5c66e10385b4,2025-01-01,1070,637,11
694e188d-0d29-423b-be5c-218705d5b981,3e9cff11-3beb-40e0-aca0-1898e8225cca,2025-01-01,9724,867,90
271103c7-5d65-4149-a33b-4b01a28dbc09,4843396b-02bc-484e-b0ca-6b6d99087dff,2025-01-01,4618,384,59
1c95299b-7246-4e63-af39-8baf49eb1bb5,8ffdafd3-9d97-4561-9eab-efb8fd024aef,2025-01-01,2036,824,40
71bf43a4-888b-4964-a720-50db113c8d27,d4e146e3-ca2d-4ce8-b668-49381dbf698f,2025-01-01,420,735,38
f1796621-d33f-459c-97ee-6decb707e5e1,16dc87da-34eb-4980-b05c-a5e2e0a6e470,2025-01-01,1931,717,3
51e2a4be-2349-4b14-a6f9-6b0f0308347f,3564f8a0-5021-4c80-808e-26dd1021c174,2025-01-01,6244,278,92
cd82013e-b594-43b6-ac9c-815ccabdb861,0df12078-44c9-4e89-8689-6aa5b3e95a15,2025-01-01,7663,773,59
69e9e273-4f9c-42c8-9f5e-ed8fb5fda25a,4a02e0f7-9258-4947-9cb6-28b4d8ab39b3,2025-01-01,8215,322,8
38ecc422-375e-459d-9c19-da727d2e3c65,36e669c9-7869-4df9-bc83-19e85b6f5192,2025-01-01,1341,531,97
ac5d88cf-7750-4b8f-83e4-c50fdd062a42,e5eb8fc8-8b60-45ce-9cb5-756e3e217fcc,2025-01-01,2800,729,10
13754f15-f2a5-4798-a704-e58e38e347e2,7dd03376-37bc-4d80-a926-9e31ebf3e9f7,2025-01-01,1380,559,78
9e340fe7-f8d2-4d9c-9027-83a8631fb620,a78d6208-1f93-495f-a2cc-813ae0245945,2025-01-01,6937,421,1
648129bb-a66e-4596-8c1f-33df703fcb16,3dd0a404-b5e1-4cd4-bf73-8ed08430cfb7,2025-01-01,6553,753,83
ca04e40e-992c-4704-9c8d-46eb0ae27c18,dd4eba11-a2cf-4213-b17e-c33d6491b269,2025-01-01,6065,551,49
36c35957-2cb1-43ba-a9b7-f8ac52650ab4,0df12078-44c9-4e89-8689-6aa5b3e95a15,2025-01-01,1454,528,65
093b300c-ed87-42a9-9d84-ff4030163a6a,98054618-b676-45c1-92f9-4af4460831c0,2025-01-01,8173,702,60
6c3b8884-6358-40d0-8573-7b212800a36d,2064f8a9-87b2-47de-9633-c42248cf76d0,2025-01-01,3043,804,36
be8e73b2-21d4-4d69-988a-cbeb780b918b,11c5d2f4-1a7d-4a15-9a0c-461d4ea14ef3,2025-01-01,1200,358,30
b0d3cca9-de23-48d2-b542-e5cfb01ba6f9,a5a70f42-c5b6-4ec5-bf71-90ee14d5b085,2025-01-01,218,614,57
8f4247e9-1a61-4042-94c4-3fd572a7fd8b,bab49818-5201-4c8b-b260-91d0fb9194fc,2025-01-01,1458,104,37
7f6eb7d7-f585-48e2-a351-2b05262e8966,c805ed4e-b23a-4764-8eac-01a6eb89ec9e,2025-01-01,1598,301,68
8dcfc437-4581-4893-80a1-d9316b902894,3e9cff11-3beb-40e0-aca0-1898e8225cca,2025-01-01,15,277,44
13bc9c1c-08ba-45fd-b529-bff59542ab83,e0da9b11-1ac3-4bb2-a511-84b4549afa20,2025-01-01,1105,537,44
9960809e-190f-45cd-af21-8a2261005f67,3ef58dbe-e1f0-4c55-9300-33d90807c18d,2025-01-01,6487,389,63
e3e77d02-cc07-41b7-805e-63a64be20618,e9f4a201-c9fc-4c0e-80b5-edc3d6b377c5,2025-01-01,5992,844,51
619110f4-6165-4e4f-9064-52df917afd31,20aa9235-9f21-468e-b261-7779f4229992,2025-01-01,4176,125,92
def3fd1d-39f3-42c7-8b64-de710b7c31be,b7aedb50-01bb-41c6-8282-58684b0e0b51,2025-01-01,8434,370,60
6606a5f7-4b58-4e95-882d-e9602d8b8097,8f935be5-13c0-4d1f-bcd6-6c98b882ec74,2025-01-01,555,383,39
3f74788b-9f5d-4994-8036-af2f117bf187,03401a1d-6d99-48c5-9937-467e0d3e5932,2025-01-01,9303,629,84
e6808176-b1b1-4d7e-9a15-e3f86c61e58e,6755beef-a2b5-4a54-af40-45b7d7cb5ecd,2025-01-01,7777,519,2
51f44ed7-d23e-4b68-be8f-f58129851370,c4369e95-3415-4b39-a50f-88f88c28d303,2025-01-01,6558,752,65
56849ba0-2e4d-4cd1-9889-8ee57630f501,30eaa864-8eec-4879-bc1e-85c6d061d283,2025-01-01,398,386,44
0ed6f885-5901-4118-b3ba-c580741a480e,ea4a69ed-59c2-4d84-b930-6dc962fc00b2,2025-01-01,6812,440,65
b864282f-40b2-40a4-a54d-32908a58982b,85658a77-6132-43a7-9dc6-ce159a75dd1f,2025-01-01,6968,872,83
f25741d8-e347-4026-90c7-e5802fa95052,003fd03a-479c-454f-966c-6e44b3168656,2025-01-01,7721,528,9
bf232559-37c4-4d4d-a3e1-d3a5dde291ac,a8360232-86ba-4aca-a861-d52dd7f61dcb,2025-01-01,5648,251,1
b2c040ae-0d9c-4029-992c-89e598092431,600f31fa-c24a-423c-95d8-af904ad2a40c,2025-01-01,2421,257,65
2e0a2d62-eea8-4591-a1aa-14f0783a178e,4be52281-a2b4-40b8-8d3f-7a3915b6e430,2025-01-01,2346,716,7
54084aeb-a9f3-4fe9-a1ac-a6bbf2692a29,a82ccd72-bc46-4bb4-ba62-401e37b606bd,2025-01-01,8341,612,57
53d67b02-1453-48c5-a29b-c2de70f5b756,3f8d3b63-57ff-4edd-bc2d-6a07b6434cae,2025-01-01,7482,323,23
7da66d29-3a23-4687-a802-d8484a1a6277,b3fc9f35-95a3-4390-9697-f3c0c23be2d8,2025-01-01,1981,185,10
a4ce2561-9212-4f86-b969-25cc36b6fbda,75f9afd0-8e79-49bb-b1ab-b3c53a973ae1,2025-01-01,9204,600,82
ca542217-bb2b-4da0-b6ed-778ea56585e0,f4b8b23c-e4a8-4a37-8455-b22ee5c14c61,2025-01-01,6969,288,52
eff88221-6420-4144-9fd6-b83fccf8a458,371f9607-9471-4798-b876-2476bd09f443,2025-01-01,2877,450,59
4bf7d179-a671-486d-bd3a-c19c31b0bc7b,68b22ab0-e639-46f9-ac7b-3ce6f3d7b4dd,2025-01-01,8367,397,54
3a8cb418-a13e-44b9-98b3-2593481a1ecf,c64282e9-009b-40a1-9a4f-ace4ea84a043,2025-01-01,8440,926,32
5422c82a-86c7-4428-84db-7ea9e6aefab4,11a25263-cc5f-47e9-933b-cd476a114108,2025-01-01,971,48,25
8262f125-85b4-42f4-a7e6-ced4ce5f5c71,12d9f7af-0915-42a5-b60c-714f51d9eb4f,2025-01-01,2548,492,93
e18b7220-c2dd-4c52-9bb6-d0bec7be7d95,1cc74550-377d-4508-b377-4575f9db67b8,2025-01-01,5262,199,90
2ddb9301-9c2a-424a-b1e2-53392726f826,22711a77-2eb9-4c75-8e15-fe0ff21f1345,2025-01-01,6173,833,55
2d1af126-02c6-4fc7-b724-8a666a61e1ec,08618bc7-6318-43b3-bfbb-43ea1a5cc8f8,2025-01-01,6575,907,39
2f13693b-9c25-4e30-93fd-5b63d383db61,ee581dbb-24ee-4d3e-85b6-84ea99bab70e,2025-01-01,1085,332,87
8632b5f5-bcea-4248-ac3e-53c4871c81ec,58740909-6321-46e9-b909-774451f30bcc,2025-01-01,5130,232,33
d051eec5-e83f-45e4-b845-666a9e2515a9,a750a23b-85b6-43c4-9566-09e84e918886,2025-01-01,887,951,23
af069487-a4c5-4f1d-a8a7-e37d6d7e82a7,caa375e8-be80-45d5-ab34-24ebc3d00b13,2025-01-01,3837,533,56
15760692-8abf-4e19-bcc5-c987ce190cbd,afedc9f0-eb6a-4fb6-b91d-073ae2f4629c,2025-01-01,1288,104,98
7bdd2b14-c801-407d-9365-6d9573caf499,725367a2-a011-4b5d-902a-10970e6b3f95,2025-01-01,4117,500,9
af8835e6-9ec9-428b-ae82-325283d38e90,94ec4660-2f85-4d5c-8f75-82b6e91d5fe9,2025-01-01,8942,729,7
385150e7-2d4c-4cf3-a8c0-22ce4d2aa54b,abc62556-ad9e-425e-a635-47f551273346,2025-01-01,907,226,74
d6cfaf1c-15eb-4ddc-9e87-ef96ba506828,8ffdafd3-9d97-4561-9eab-efb8fd024aef,2025-01-01,7420,975,34
7be42759-92f7-4220-abb6-dc57c493f2c2,8aad5a73-a27b-4574-9449-f71f670d8297,2025-01-01,7963,246,38
b86ccede-dbb3-4965-96b1-3536e61c8c31,36c4b5e9-8583-4705-b7b5-e7785fd78845,2025-01-01,2830,965,24
721450b2-110d-4f99-80aa-ca11ad5c90d6,12d9f7af-0915-42a5-b60c-714f51d9eb4f,2025-01-01,9261,639,66
f868033a-c607-49d4-8a3d-5726c08bd8bc,ba472988-2d7b-4b3d-8839-ef84d5beb202,2025-01-01,4225,204,17
e28dd855-016f-4e8d-8bd1-4c6d3ef62263,db274da4-d1da-4566-a01d-80ec24afe717,2025-01-01,8230,981,54
a33e9b2a-0288-4d3a-a2bb-6edd071dd402,8857345c-6c42-4b43-bd56-fe7bb37289ec,2025-01-01,5716,112,82
8e7f6021-da47-4fcb-8bc5-7b1de61a5c6c,8bd1d385-c652-4689-9239-5fb3a21dcdde,2025-01-01,3835,358,2
1f164073-02e2-481b-9b58-6d8639404157,6de079c2-a93c-45c7-9568-ba837c157e1c,2025-01-01,4678,457,54
c5ceb4ef-75fc-498c-8459-df041b322329,1586c1cb-dba5-40fd-b228-35e0f4a2e137,2025-01-01,6283,534,93
fbba6c55-88fe-455e-92d8-a7de86295d20,38da1910-22f3-4b80-bd61-6c3c91f028b4,2025-01-01,6236,906,8
9c961217-a8e6-4eed-aa1c-cacd6dcd5ecf,f0275ea1-50e9-46b2-8fee-ff9229a839d4,2025-01-01,9775,442,80
e0cb29f8-865f-46ae-8041-6123a7b11903,ee581dbb-24ee-4d3e-85b6-84ea99bab70e,2025-01-01,3907,430,5
5d34f5cc-df54-4e56-970c-d7d822358a75,c260d3d5-ee8b-4f44-8359-2eeb6ae90261,2025-01-01,8484,679,21
66098b9a-646e-4de3-885a-d4042041800c,a6a4c7a1-630c-493b-9aef-e1cdc058eb54,2025-01-01,6305,971,40
ddecfb94-15c4-4c62-8e26-bc1541754bc3,925e4e39-2570-4d67-8183-df75e352d89f,2025-01-01,7911,893,67
49ef6ef0-b2e0-4452-8a5d-a24100c72677,3b6cca16-c7a0-4a2f-96a5-5b31b87812dc,2025-01-01,4819,560,45
97d69898-13ad-4240-9f19-1e72dfbc6090,d736cf4e-bf76-4cc3-996c-8db1de150ed5,2025-01-01,2916,418,75
66ccf8f1-bf75-44a0-a5a3-0d1e649bf368,ca1ffb06-fe26-47e3-ad4e-fc8026e7f5e8,2025-01-01,6405,128,87
9aeeb7e4-5633-434b-a004-6adce7386612,4112230d-5d96-4805-b0a3-afcd870b551a,2025-01-01,4348,305,34
3c1aa4a6-6248-4626-9ba6-6ce95756ced6,59d9957d-e20b-4305-839f-6f25486487f9,2025-01-01,6834,340,75
f7ebe383-df13-4371-aacd-268a1ec84f66,442cb36c-eb4a-4cb5-a483-27b0a596b920,2025-01-01,1962,985,89
5ef8bc2d-ebff-4261-8b33-778d9714c9a8,d736cf4e-bf76-4cc3-996c-8db1de150ed5,2025-01-01,5652,995,6
09b41e39-1817-4bd1-870b-5e20181a9fee,edcb658f-5542-45cd-bce5-2ed4de38d0a4,2025-01-01,8327,65,49
6e9c5c9a-446b-490e-9e43-74482d1db53e,3a078995-6415-427b-93fa-1dccfbfaf262,2025-01-01,7085,565,61
16e2503a-fd67-459c-996c-1e295bde59b9,fe844fd1-ed65-4a2a-8044-63769a52a973,2025-01-01,5440,166,27
8f8603e9-9b98-4e64-a0c8-2fda84f372c0,90d95bcc-4175-4953-b8a1-f16c17af0669,2025-01-01,7547,405,82
c25fe247-2ce0-469d-a410-2eae2ad8efd9,c9666602-3b31-45a3-a19b-61365fe80936,2025-01-01,1630,915,97
e3d6a8ae-366c-4fa5-a1f8-7c55a0352d6c,33dcdb93-1c96-45e0-9770-1ff8048159f3,2025-01-01,466,831,38
fc927d2a-58ea-406c-a583-01831e17f4e3,87ea8902-312e-4889-94bf-591b8e60392a,2025-01-01,1351,9,30
6f1b3b5d-3d57-4344-a658-37126c396f35,b94c8a1f-fe7c-4877-8bc5-c7ce8eb771d7,2025-01-01,4246,930,82
60013c6a-0f8e-4245-bbe4-c829fc238631,4331c5fa-0c04-4383-82b1-e30894c79faa,2025-01-01,4011,691,69
523a4c12-5177-489c-9d54-f81b70655dbc,53dda717-ecb5-42de-ac16-c192498c0b9a,2025-01-01,3135,364,83
7d77a021-bd04-4c9d-bba5-34efcd95ee28,2a607cfc-7f84-4403-9b35-a7b586f7d726,2025-01-01,4448,888,55
bfc293d3-24bc-494a-a721-6b5efb4ba9d8,48aeb111-f690-4e71-aeb3-7b917e962fa3,2025-01-01,7777,483,27
a47cdcaa-5714-4fc4-bec0-a863bc0b21f6,e7bb1a14-fd73-44ae-9323-4f444c5810a5,2025-01-01,9382,493,19
200d58ff-553b-45df-b933-3636f9432b08,4ff9c824-b593-4580-9d56-160ae0b52f64,2025-01-01,6819,370,43
a30461a2-d191-4aa5-bf88-3e64901dae2e,6089d271-cabf-4020-b0b5-57f0574b2a83,2025-01-01,8538,375,52
43a755f8-e97e-4d3d-a254-82919ff455f6,11b543d1-28ba-434b-b33c-b2d0a7bcd6cd,2025-01-01,6785,826,66
e930b04a-07ab-4330-80c7-d0b77dc8212f,959d815d-bfbc-4f68-9405-f8d8eea87095,2025-01-01,8110,241,9
20c9b953-1563-4bb4-85ce-ac5e61926aa1,b6e129af-fb1d-4839-b1a4-568a5ec2ffe5,2025-01-01,9898,5,15
6325c666-8829-407c-9ff8-16fb68e438ec,f77c06a3-7a29-4fb7-803e-3f579b3991ac,2025-01-01,185,891,96
dfa83b68-16eb-42f7-abd6-997e6aba0515,692013b3-ee82-4783-8bb9-f0df175985fe,2025-01-01,478,234,67
c948895b-5c6a-4eb8-99cc-be3660b5eec7,98054618-b676-45c1-92f9-4af4460831c0,2025-01-01,3865,733,53
49e37d67-8dbd-4d42-b855-79f067447e5d,60523e68-4a9f-4e8c-98a6-42f0fddc974c,2025-01-01,2764,32,50
89b13486-98ce-4edd-90d5-029cdf26c992,25d097ed-131f-45c2-9a43-62595431f115,2025-01-01,3439,310,94
8036e833-b9b0-4cc1-a77d-6e97ba2badf3,b94c8a1f-fe7c-4877-8bc5-c7ce8eb771d7,2025-01-01,5387,621,32
8b3afe60-f665-45c9-994b-b852052f66ad,0ed69dbf-4e92-42b7-9c4c-cfc8eea97536,2025-01-01,7950,518,11
5cee18f6-0c08-4cb1-9950-8053ad56b59e,47938847-6f2e-486f-b786-a3eceb468480,2025-01-01,4104,948,65
80cb9c47-d291-4361-bab8-183cb8aa3182,c578a6a8-4eb1-4e6f-96e8-368846e50844,2025-01-01,7569,957,43
3d8eda3d-164b-463f-a418-018a6ce723de,0c4bf4cc-64e4-4c04-9edd-ef6421f61408,2025-01-01,5816,553,16
671314eb-2075-448d-b828-36c47603634f,146bc27d-00dd-4454-918d-9a762fb4bb01,2025-01-01,823,44,46
8e719a78-9e96-4d57-bb19-4b70f6e6a890,22bb1bd1-f858-40dc-bd6e-57b076718095,2025-01-01,6154,125,33
daaddfc6-3d9e-4fcf-9625-7a28aef9676e,6e217056-9b78-477d-8cf5-44ca49ac44dd,2025-01-01,6538,620,36
0ae5e5d5-94ee-46ae-9213-90fc933ebc6a,47c24d6c-3948-492c-b733-03fbe2dde8ec,2025-01-01,8160,670,35
994f4219-598b-48ba-b3aa-9921762551a8,65e69ff4-0a19-4c0b-9667-e14316502d2f,2025-01-01,2671,646,64
10ec0573-ac2b-4db5-bfe6-fd0d319287db,edcb658f-5542-45cd-bce5-2ed4de38d0a4,2025-01-01,9100,725,37
eade27ea-3d65-4292-9c8d-a30d2fa4d27a,8addc301-e137-4dd9-821b-af6a6a9d35d0,2025-01-01,2992,640,79
68363a46-5940-4ed6-ad7a-aafcb6e60684,7c718c61-9dfb-4ae9-9f8b-f02360d6ae18,2025-01-01,8708,450,21
64028568-cab2-47f4-9d35-ab1fdddb3fb8,5f5243fd-f965-4b84-978c-db5722c9e2c2,2025-01-01,5713,783,61
765a5687-f353-471a-8f08-031b1055088a,661c851a-a9ac-4281-8e7c-a1050a30c499,2025-01-01,3471,212,71
28f4397e-33a6-4728-be40-ab5977bb2788,f1aa9f29-a46e-4026-81e0-28b28e5925c2,2025-01-01,3651,864,88
20d322b3-f01a-4be6-a729-1a8b266e3062,17a3088f-4c1a-4ffe-a5a6-2b7e115e5be0,2025-01-01,1424,701,71
a2c4f17e-3cf0-4e67-b9c6-6092a64bd573,94009203-702d-42ba-a645-0ff142bed5f0,2025-01-01,9415,822,85
1807dae8-73e6-44ce-ace0-ee23913ea29e,38da1910-22f3-4b80-bd61-6c3c91f028b4,2025-01-01,8399,23,33
2fd7ebc1-f19f-48cc-a1bc-6ac19fd72996,5a63e691-1518-4a8d-8ec8-951275fcae88,2025-01-01,2615,654,78
25eb588b-a774-4d60-9bbb-c6a262f9ebc5,08bb6921-998c-4b72-b416-d340b1556bbd,2025-01-01,1874,465,23
dab301c3-84fb-48df-97ed-38168c12a116,30238c3d-44f3-4729-96ed-f79fe0b728a8,2025-01-01,5545,580,66
971f9f63-52de-430d-b4c9-b3a40cd2f0b5,dce31788-33cd-4f6b-81f7-b654dfe1749b,2025-01-01,6565,66,28
bea593b6-da25-46ca-a345-4c3b22d6e91f,b1132461-734f-4952-9fb4-114a2b20cc07,2025-01-01,8307,164,54
c52d4922-a07f-4344-8406-59207d3209a7,20e7d7f8-7968-4885-881f-edc34502bad1,2025-01-01,8256,632,66
b1321df2-b97c-4ab0-a3b4-76c04a8bd936,ea645528-3339-4c07-9c99-d6b95e331a9e,2025-01-01,6347,415,82
5bfe0eb3-a00f-4b83-b3a2-0a32b116992f,a4473dfd-6207-4d83-bada-40e2fc26d689,2025-01-01,7767,123,81
242df6a8-bf04-4196-98f1-212803a11712,2184bbcb-05f7-4255-9f6d-6aa082867726,2025-01-01,567,140,79
25c6af48-470b-45d6-ad85-30c3df6d55bf,cfe4a590-20ec-467e-9226-ceb9fc343c39,2025-01-01,4663,56,60
fcfdc022-f45a-4e23-a7b9-ab8c1ad18768,419dc9bc-94c2-49a1-bc35-94027982218f,2025-01-01,9917,320,6
51d0674a-b1b7-4a1f-ba87-e049e1b6f3a2,d4c04436-1af5-461a-9347-dbdb9a61768e,2025-01-01,7632,182,31
dfc77bf4-1c6e-4205-a486-597c080f1674,83213ec8-1b45-4bf9-9a5f-22b868d3dec5,2025-01-01,8747,144,93
327a0f70-7f20-4aef-9146-675d061fe0a0,f6d350d2-b417-4ef0-b8a9-895383981043,2025-01-01,2011,42,48
adf0f2e4-cf48-42a6-bf06-ae36e92567fb,91a17d8c-89ef-4072-85b8-2bf8ed87c88e,2025-01-01,6706,950,21
c449cd43-4c90-4d1f-836e-b2895fb99a6e,cd53b6d6-8b0c-4f5a-b914-62b9f87123d4,2025-01-01,3078,355,74
66e93638-a5b4-4b90-9850-f3d814f67587,7eab486f-bd6c-4902-bf89-a061a4d85fa3,2025-01-01,3233,117,36
000037f7-142c-4349-a419-51a985c4921b,20aa9235-9f21-468e-b261-7779f4229992,2025-01-01,709,201,52
9e63202f-ce8a-4b0c-bd8b-b48ef0267383,3d1a9c3c-e7f9-45a9-a3a6-b19d3d8e4aca,2025-01-01,9492,996,17
d8ed28e2-e3de-44d1-bc5e-e07c27a20d74,ea4a69ed-59c2-4d84-b930-6dc962fc00b2,2025-01-01,7273,509,84
732835b7-1bd2-4054-aa48-13c4f5192ee4,95ba56bd-567a-4cce-afc0-c013ee38f2e3,2025-01-01,7779,189,15
e7a3fcf7-5b98-44f6-bda5-40e98b9c1721,5e4f7655-6d63-43fb-9075-4d1bbf8962e5,2025-01-01,2958,381,72
91580549-d7c6-40a4-bd2d-9d597497199a,bc545aad-2423-4bdd-903f-d3021d5f33c4,2025-01-01,3341,566,20
bb394c26-4fee-4c6d-bad1-713f1a051d06,b7390aae-f8f7-431a-9c1f-bb8e98a9fbf5,2025-01-01,4340,702,8
75f3e2a8-1fee-47bb-895c-73389e8cf784,94009203-702d-42ba-a645-0ff142bed5f0,2025-01-01,2335,453,11
3fbc85aa-762f-4d97-a739-410e936eac5a,af35292b-4593-4eb9-a7d9-ed9730148c8a,2025-01-01,4422,303,8
c5e0b3e7-8fe2-4f85-9c2e-4c57286a1e30,2aba2158-51d7-4e85-a56c-564e81f7b517,2025-01-01,3990,871,91
a94a301f-368b-4eb2-ae7d-19a5e8aa89d0,fe53f2c4-bf7c-490c-958b-cfa281b92526,2025-01-01,7651,637,5
19581b83-5064-413c-a3ef-0772cc327185,c174195b-3adf-40c4-8735-b9978275c363,2025-01-01,9690,225,2
581f9e80-5b6d-42e5-80f4-4ae92f5e3e9a,656ac2d5-21c9-42a1-8236-f2df7cb8b92e,2025-01-01,1810,111,69
73b2c657-b562-4d9c-b6e5-c4c1f24b52b9,f355dab8-270d-441e-859c-ef1c034a66f9,2025-01-01,2107,50,42
20d761b4-dd2a-41a0-a65b-11583c9dee36,bc545aad-2423-4bdd-903f-d3021d5f33c4,2025-01-01,1278,799,19
f9661038-4c4c-48d8-a6a4-a9471aeb24e7,414f1101-b3b5-41e2-a2e3-34f413f417f0,2025-01-01,4895,584,82
d0cdd240-2ce5-47c0-80c1-0adc81d78dd0,40036de9-8633-4570-b3c2-aedca99ebb71,2025-01-01,8989,90,75
b3af53d9-4f0e-4b83-873d-a08d3ee34bda,ff9bdc7d-fde8-4635-a4bd-2df2ab74fa95,2025-01-01,9593,483,12
9366e077-ad66-48cb-b294-abdd955f0f71,1745e70c-0ac5-4ca0-8849-9a8224f22b98,2025-01-01,2871,213,8
ee5e5c0a-f157-4a4e-bdef-284eac0aab0c,cf051087-83e5-46a0-81ee-79429ae82282,2025-01-01,3926,878,90
5021c8e3-2cdc-4b6a-b1f9-1bc52151d4f6,b29586c8-2162-46b9-9d98-124ef8edd527,2025-01-01,6392,495,28
feb05767-0ac1-4a19-b775-9ed6e4f6da30,20e56c9b-d850-48da-a9f7-dc08b2d2013e,2025-01-01,7938,508,21
2fbfb3f0-4ff9-4d5d-b0e0-4c1d27cd5214,baa9d8b0-de62-4d3f-90ec-daafb3d73175,2025-01-01,8485,815,84
3a78cfb9-1abf-42fe-9edd-6894188f02b5,bb862b9e-1241-46f0-a14f-d5cb16e8be92,2025-01-01,5959,279,84
e6ccfac8-c20f-49e3-b5ad-ee90561ac583,6a8a51b8-1b06-490f-a3d3-746a9a49a7bb,2025-01-01,1076,955,50
668e2489-8e0b-496f-9539-a64d57b03230,9f1fc12b-e8e2-4a09-a107-6aaa48fb5618,2025-01-01,437,792,84
446ae5ef-ae24-455b-b545-a0dac504e274,d736cf4e-bf76-4cc3-996c-8db1de150ed5,2025-01-01,6226,969,59
f6c8dd94-6ec3-41b8-8ce9-cc4924081297,47c24d6c-3948-492c-b733-03fbe2dde8ec,2025-01-01,1447,744,89
df2b970d-5b90-49ae-b164-1e414da44268,d7e48750-247b-4a52-a227-bed98c316dd3,2025-01-01,9896,78,99
2c0fb6e7-fc43-4035-94ae-7ac40a802d61,46063565-a3ac-47b4-a636-709751923d17,2025-01-01,4657,384,45
601066ac-17fe-47a8-a2f2-171f80f7e4ca,3132a089-2ba1-4696-bb99-9ad7beb39f55,2025-01-01,4081,467,45
9a869773-752d-48f5-ba5a-155cf6af55fb,9333b693-18aa-40d4-bb1d-54defcd88952,2025-01-01,6679,961,38
739c9d2a-8cc9-4924-b45f-4c958e8a3c96,472cf2e4-5be1-48bd-b38d-81270099d2a6,2025-01-01,2243,614,1
cb2c1298-7713-4b7d-b479-c21e0eff8266,213d2690-0ea6-4643-b17d-809aaecb9358,2025-01-01,2876,663,43
46506426-05ca-4e0f-9d03-537cc1a46fe8,021fb4cf-d67d-4a05-8192-3ea31de9504b,2025-01-01,6271,447,17
6f0175d4-dbaf-4e0a-ab7b-529802e8073c,4d5c6142-fe51-4b83-9ffe-6ca3b11a723e,2025-01-01,8807,78,23
95560eec-e5ed-46bd-b13b-3e181ffbcfdf,96db6fed-314f-4fe8-80e1-38e081f52d5a,2025-01-01,324,38,29
ef10dc99-ba4d-4646-8b8c-9b80df899da9,6d9c0f57-7c6f-4077-a5a6-2ca62f76d52c,2025-01-01,995,467,22
49870bdb-b538-432f-9956-8b5c3869b81f,00de2e69-4235-4827-8274-2a12da1b8809,2025-01-01,4678,525,48
11f27207-2ce0-4d6e-a186-8e959f469611,9b5fe62d-627d-4e1f-89f1-8f87fbcc2840,2025-01-01,3990,285,68
424b2065-f9a2-4c18-9ca2-e8a2f89ebbd5,2c876e47-24b1-4665-85a6-ad1923f58876,2025-01-01,1226,536,72
4bb8a072-fd39-4d11-8b60-e35dc7181158,3132a089-2ba1-4696-bb99-9ad7beb39f55,2025-01-01,5525,458,27
25caf45b-1ff8-478e-a3b9-5620e8d0452b,dba9df0e-a063-4ac0-8a66-e1ba447ec801,2025-01-01,1880,461,45
1fdab684-098c-482a-90a0-1c0d5e8e2710,20d88bd7-80f7-48b8-9b14-22269082d529,2025-01-01,8626,434,45
7e025543-4e0b-4d50-a7bf-af2e7f1fb607,5612a84c-2844-4b0d-94ef-e32aa6fb6e56,2025-01-01,5852,151,45
4cd295e2-3548-4b20-892b-d20d29e7e30e,a488eca7-6c54-465c-9d1c-9f9aaa02cc40,2025-01-01,2399,236,16
a4c26916-bf0d-45b4-a5af-6c04d3574b1f,036f1556-530c-4afa-9433-c94f716882ce,2025-01-01,911,82,23
e20e02a2-4eaf-42f6-87ee-5ddc1eeeb265,6ce44609-935a-4eb1-8cff-ba4665c9761f,2025-01-01,7283,947,36
afb6f7ef-9a42-40c8-af90-c7224a195f2d,9340a523-0cd7-4d66-b68f-06f3de43f42c,2025-01-01,3588,380,5
f1497d4e-75a6-4fbb-a272-c46f0e83518d,02f3e7a0-7fd2-4481-bc3e-2867d4e88b5e,2025-01-01,2431,836,64
6ff4256b-b09c-493f-bd93-ffb55c235116,e5848e67-7f43-4119-bf0a-e19c90d2f183,2025-01-01,6454,710,47
ccfcee6d-0a80-48e2-89b9-ca4f744fbaac,38623523-8f8f-4397-90e8-c9aba24cd070,2025-01-01,5652,859,47
45167164-38ed-44e2-bde2-77b0daf86f28,bd135e2a-90ae-4a32-8324-271a5fa4a80b,2025-01-01,5763,588,9
9b01d79b-6a0f-437f-8947-323d6b3a6aad,f1aa9f29-a46e-4026-81e0-28b28e5925c2,2025-01-01,2567,72,40
966c4b88-35c2-4008-94c6-0751d40355a3,2fef14d8-8b75-49f2-ba30-7192df0d8f0c,2025-01-01,7125,802,97
05e0349b-899b-4e8f-9b79-f4cbe54a2fcc,79c2f3c4-3de4-49e0-aaec-700c780004a3,2025-01-01,9900,667,78
606d8a3d-7901-4c0e-97e1-ba92fc3a965f,782ead45-c624-4aa3-b1e6-40f869de5167,2025-01-01,5294,250,41
48e8b73b-5cd7-41ed-9c68-56acfd0574fb,74dae471-3fc2-4cd0-a83f-13bf0a818667,2025-01-01,8104,52,15
8479be63-e1d9-40e9-a065-5d6908ba5191,a3bf6783-7b05-4b7d-bfa1-2d251496abbe,2025-01-01,5969,294,63
a22363ab-05c9-4e16-a82b-978ae931cb6f,ae731234-9e0a-4180-8257-44b35fc3e711,2025-01-01,408,765,74
36e99a81-6ffe-4f0e-b428-aef56d89799e,d05fec7d-7cdd-42dd-ba65-74096a37e50f,2025-01-01,9018,591,6
9b1e09df-7d40-4917-8293-e4728a3e3707,c2909a05-a01b-46ff-b5ab-99a14e1809c9,2025-01-01,4049,601,78
b682b3fd-16b2-49c4-acf7-22bfc866b47e,74211683-c293-40da-a90b-79624720ee03,2025-01-01,554,369,95
a6ba74ac-f130-4e70-8cfd-aa956a702799,1f7c5978-0c76-4ea2-b679-4d33b96b013a,2025-01-01,6933,707,80
c77e1ef0-ca11-40e8-b896-f9e5824351c9,68ebe2bf-1ae2-4373-bd25-92b14736f291,2025-01-01,5108,327,36
527b3987-df12-445a-ae62-2bc55c75a2bb,ba472988-2d7b-4b3d-8839-ef84d5beb202,2025-01-01,261,653,48
924505d7-b485-4be3-bc75-b01b46fe3670,3c6960b9-94b6-43e3-8cca-28a85a22af0d,2025-01-01,3275,284,39
fb1082f8-5c51-4006-993c-e3b2a25b5717,7eab486f-bd6c-4902-bf89-a061a4d85fa3,2025-01-01,8670,876,96
2ff1d48d-9927-4eba-87ef-c2cf78c281d4,b75e26a3-bd47-4b41-b528-6e850a3aa70f,2025-01-01,2660,531,55
e48e3cbd-ce06-4c7f-82fc-c246391e37d4,937a469a-00bc-431d-8ebf-b339a36560cf,2025-01-01,4211,614,83
9261a7d1-13f7-4b3c-89c1-63d2ef648837,fec3fae1-d76c-42ff-a280-8d0630e61c41,2025-01-01,5837,866,47
c3679202-7da6-4cc1-a61d-980aedd1c820,6f5dde7b-c5b9-40b0-9494-0873e7b23e6a,2025-01-01,1417,513,41
e66d47c8-e5d9-4757-bfea-68d53c3c4a37,eeb05a88-2c36-4cc6-b715-e3c54b9d1a7e,2025-01-01,7217,530,25
54af3c3b-d16b-4687-a37e-fbf7f16d1aa7,f6c6a5ed-fe6f-4c0c-b53a-d6c2deea7c01,2025-01-01,1380,258,39
18ab064c-030d-48d4-85d3-2583e91b6054,fe53f2c4-bf7c-490c-958b-cfa281b92526,2025-01-01,7822,255,71
6076355b-e0c4-44df-8bc2-fcdddb0c6829,8c696368-5fb7-4033-97c0-5544df5f56bf,2025-01-01,2605,808,89
3e6bf0ab-876f-4ae7-9f68-54cb56c0c26c,54b16eb0-c68a-4781-98d3-3be4d9754bb8,2025-01-01,3673,171,13
84387cd1-842c-4c1b-bd77-1a1d1e0be565,efff8221-8311-4f54-9267-d75e07cc7538,2025-01-01,5197,237,53
97a5a4df-8fd1-45cd-a02b-0b05196bc4a5,3ee53054-a2bf-47a2-ab00-4bdec3a809e8,2025-01-01,5918,528,98
11c100e7-9ff1-422a-b5d0-88cf9c8a5b02,c4ca937f-8420-4125-838b-31e1d9a98620,2025-01-01,4635,587,84
0492b3a4-1f18-4be1-9f4d-1875cedf31cc,2df6ce56-f96f-4227-a894-61491e011e4a,2025-01-01,3080,349,75
fcf964db-4865-4153-8806-26e1e58c551f,caa375e8-be80-45d5-ab34-24ebc3d00b13,2025-01-01,501,499,28
965af486-dac4-4e4e-9665-ecc5f8687421,c9a095ba-7910-4ca3-ad92-0deb05746b84,2025-01-01,766,125,56
eb25c6ab-6cd3-4496-8b5a-3aa71ec229f1,4ff9c824-b593-4580-9d56-160ae0b52f64,2025-01-01,9725,590,44
d25309f8-bfae-4062-8c70-e2cffd4b7224,7923beb4-9326-47aa-b17b-3f600acee05f,2025-01-01,8812,254,56
0df3b1d2-15ba-4708-905b-f53e92bcf99f,4112230d-5d96-4805-b0a3-afcd870b551a,2025-01-01,6379,490,28
6b431ee6-309d-49b9-81d5-8389952cfecd,5f5243fd-f965-4b84-978c-db5722c9e2c2,2025-01-01,6674,44,40
39cd38e3-d3f7-43b3-b7cb-29307fe6587f,6427b23d-8cc4-49f4-a3b8-f8e277aba91e,2025-01-01,3893,897,29
dcd9d398-3900-428f-a71f-54da457e4ccf,f36c2204-ccfa-44df-8f70-7e83c3b17528,2025-01-01,5544,808,56
d9df1a7f-84cc-4da7-a07a-50aaa4695cf8,affa8232-a2c5-4677-a157-cfee2d4d3f07,2025-01-01,7616,892,66
b331cdd5-4bc7-429c-97a3-9f9fef694298,79c2f3c4-3de4-49e0-aaec-700c780004a3,2025-01-01,8269,182,57
9424b20e-4678-4e23-9cd8-57cf9b236822,7ea5bc61-6fd5-47ef-83da-10617f09ed2e,2025-01-01,828,123,81
675efd02-1afc-42ac-bef2-812f1f9df6ec,43d6bb42-4718-4a9d-8d22-d193f7c90a21,2025-01-01,3026,905,53
2a4a3a6d-d423-4b35-bfae-759258fb04e6,199cd37f-ae78-4fe1-ad8c-4e982e6cf385,2025-01-01,4632,166,87
09ef383f-0021-4fba-a0d7-55a0da1c356d,c7f24534-0160-48b2-a8f7-967e540c6424,2025-01-01,3150,3,46
cc2fa78f-a19b-44f9-ac71-9afe4b4551fa,d939b7bb-e3f5-496d-a1f1-639eb6d87668,2025-01-01,2391,862,84
d3417dcf-d363-416c-a6d6-6f010a643bea,a13fa6de-b839-409b-a1d5-a9a16702538c,2025-01-01,1481,311,16
7a26bf64-140c-40f4-b424-b85f4168a0bf,aeffcc7d-e5be-4c38-80dc-01eb98f6fd96,2025-01-01,5730,118,75
4cd83fb8-075c-439a-bb97-788b29be6d41,a7bdf035-3d23-4837-80fe-20f5f80f4371,2025-01-01,9763,359,75
daa2430e-f2ec-4bf2-a048-7a7855572182,026d1698-47e7-4e64-bdad-54cb153bf5a8,2025-01-01,5263,223,57
4dcdcb2f-8d07-4231-a4ae-a5cf7bb1f2ac,d88bd9e9-ba7d-4ed8-a0f9-f44ca7b4f797,2025-01-01,8443,322,79
c4fc6339-ac0f-466d-a626-f8674d8f15a1,dc9b4e5a-9d4c-4396-a6d9-54bac02f81bb,2025-01-01,3041,179,68
aab6814b-b628-4f3d-b1ce-c780a3e73623,1a822132-adc2-4e40-8932-2ff7ee571089,2025-01-01,9682,954,10
c5bea51b-1787-484c-a0c6-f5f4a1f1438f,95c8fde6-fc7d-488b-b89e-527c48f79260,2025-01-01,3564,20,42
61c6d333-e0e6-44c9-ab47-431ddf41b545,49f8ed8b-6ccc-4a39-be02-76132ba56d3d,2025-01-01,8797,163,76
3f4d44f0-82fb-4d5f-bfc5-8153a2c0c265,f6c6a5ed-fe6f-4c0c-b53a-d6c2deea7c01,2025-01-01,871,762,50
83628de6-c331-447b-9598-43bf4a6fb3e4,634066a1-4d23-4298-8ff8-ede938a1c980,2025-01-01,99,44,7
9220eb9a-575f-4729-9196-82d9036c4ad6,8bd7d12d-fa4a-4ab0-92f2-44775d6a8bc6,2025-01-01,8855,960,70
27746170-4c2a-4c94-9bf6-f243372bf7f5,3b89889c-dea8-4a14-97af-70b994f74c11,2025-01-01,9861,856,19
b1e7ea0f-8b48-4ad0-bd52-ad99ca47854d,43b68325-b0fb-4837-8e97-e249f69cf0eb,2025-01-01,2723,118,76
93f6e650-354f-4955-98cd-f5b964be1337,2cf78079-24aa-4824-815c-3ff4df211a28,2025-01-01,1629,691,17
4e75dbc0-2fdc-4362-91cf-f956d9b5dad3,6427b23d-8cc4-49f4-a3b8-f8e277aba91e,2025-01-01,6335,193,60
f76eb0ba-4600-4a5b-9e8d-6e9fbda72781,a04bf9b9-d959-4677-a6de-29c1ee96685a,2025-01-01,8597,65,18
08cb0a3f-b784-426b-8e7a-bc1c33ddaebd,fe6fe0b1-5c07-4965-bbc2-852aca0777a0,2025-01-01,8116,657,14
305aac29-90e0-4a8e-b940-c6b53b99e5bf,76c338d5-e2d5-4436-8b70-7101632428cf,2025-01-01,5897,68,49
9f4b09d6-a1ca-4a36-b8bf-d06e29b1d76a,11a25263-cc5f-47e9-933b-cd476a114108,2025-01-01,367,199,8
72e44860-dbd3-4013-a9f6-ce773ab0614a,b27cccff-4b45-41ab-a81a-8f43732f0abb,2025-01-01,8436,176,18
97bb2a6d-77c1-464f-85ee-ab31cd31f8bc,bf2cb4c7-ef6a-4852-83a0-c6d0f75b20a8,2025-01-01,765,112,38
0e03cd81-f20e-4031-82c2-1603c15a4386,f03b7299-f5af-4298-ac2f-7c49960c495f,2025-01-01,2654,854,0
3ad8afee-637d-45e5-8b74-993648d388b2,ee96f59d-099e-4665-89ff-2d2285ba7109,2025-01-01,894,922,86
8ccf3120-bc7c-46f4-bd6f-655db460d07f,cec99b03-6adc-47ae-aec1-118635eb54d3,2025-01-01,3362,866,76
aa5dc3d4-ab4f-4513-ac90-6b6d10cb5473,7d519fc2-4ab3-432a-9478-25be52cc0bb8,2025-01-01,8286,856,16
4b5ce714-449a-4df9-9216-f09a5adac775,74192831-ced4-4c7c-98a6-f67de683f798,2025-01-01,9150,774,86
64678464-6e7c-4104-b475-47a8890d1bfa,183cba41-aefa-4edb-822a-a66bcc819102,2025-01-01,4405,274,73
0871916c-72ec-4c38-aaf4-c9afed404360,02f3e7a0-7fd2-4481-bc3e-2867d4e88b5e,2025-01-01,2949,988,52
2b604b9c-e5a7-4e39-b867-d899528710c9,de8a7fd4-352e-40d8-a256-4734c0254241,2025-01-01,8983,16,28
7291249b-9f9c-4799-8185-8aa9360cb6b0,7eb8f151-a2d5-4e09-9e88-0afbe4703b9f,2025-01-01,2383,834,58
4094f839-bf0c-4486-b297-246a7218d9ee,661c851a-a9ac-4281-8e7c-a1050a30c499,2025-01-01,7757,16,13
22a33c3a-94f8-4cab-899f-066c9b7836e0,74194351-3a95-4980-aa56-b10603c28495,2025-01-01,1515,354,39
68720e4f-2bb0-4208-89fa-03853fea9b15,026d1698-47e7-4e64-bdad-54cb153bf5a8,2025-01-01,2987,180,39
8ebf3544-cae1-4f8f-809b-f1e2e975568e,356031a6-eed1-4c32-b6f7-cb11d278e2e9,2025-01-01,4919,419,73
5e6facb8-53b1-4071-9746-316002553056,d49a69f5-d937-4b9a-be53-496bc5663c8a,2025-01-01,4216,547,91
06a76239-0315-4514-bf69-922788a9f77c,53dda717-ecb5-42de-ac16-c192498c0b9a,2025-01-01,983,77,29
8ea2d58b-101c-4268-b406-d1d9f05f15a0,aeffcc7d-e5be-4c38-80dc-01eb98f6fd96,2025-01-01,9046,714,22
082d4a1d-84e8-46e3-975b-e9482edd3449,d1e0228e-e3e8-4f33-9c3f-6a1c49cb966b,2025-01-01,1104,402,77
efb0ad97-29e6-440c-843d-08ad486a542d,65734054-5d12-4a86-a498-6f00c3248945,2025-01-01,8874,986,12
dfd6b4e1-228c-4fff-a7a3-80b835851497,4faa78b5-ebcb-4f5d-b076-472806558c3a,2025-01-01,3224,383,81
6cbf74f2-f92f-40da-b7b4-10ba46d48e49,9209b661-e487-439d-b3ec-48ff378f18ca,2025-01-01,5681,92,26
47c528f3-8ca5-47ca-89cd-32dec38dd2e2,e0da9b11-1ac3-4bb2-a511-84b4549afa20,2025-01-01,3873,450,34
29a52f13-d237-4163-b069-7dc702990854,c9666602-3b31-45a3-a19b-61365fe80936,2025-01-01,7086,644,25
906e1fa1-079b-4174-9286-2b91f443e7ad,43a30b56-833d-47b3-99ec-19139f8c6406,2025-01-01,1015,469,77
2eed6aa5-b76b-46c4-a844-88f982c8890b,0a992c2b-6da6-495e-a615-30bdf7a59f13,2025-01-01,3502,128,53
7b475713-48fe-439c-ac61-9ae8d445770c,6050ae2d-9d6a-40b7-b782-fd365a022100,2025-01-01,1927,123,28
e78f43cf-4de5-4db4-8c56-90d0ccf876d8,a3bf6783-7b05-4b7d-bfa1-2d251496abbe,2025-01-01,4339,726,98
1c402fc8-da82-4efd-b2d5-a5432a88a8b7,3b89889c-dea8-4a14-97af-70b994f74c11,2025-01-01,7971,861,92
f081c007-8abb-49aa-8769-942c7938583e,e0458722-01c3-4c5a-aea6-14af5373d488,2025-01-01,4119,412,46
01c725aa-f71b-408c-97ed-a28862c073e0,5a3b88de-39ca-471a-b1db-cc36b99fc1e7,2025-01-01,6409,820,79
0b641003-d10a-4805-9dfb-fb97be3003e7,60981466-d21e-4d15-9ac5-4c41fc2fc8bb,2025-01-01,8307,439,26
a2fa66cc-fad2-4dfa-b030-9e2ef33746be,9dbf19e4-2148-4898-bef4-f59f65589a60,2025-01-01,8011,763,63
dcad1bf1-a98a-4746-b394-1f37cfaba9ee,95d9e69c-258e-42f5-ad30-7e51bd0809a9,2025-01-01,5848,121,59
c162b9a6-067f-4e84-8a2c-cf1c6ed6abea,1592398e-3459-4d40-84f2-6ccdad396cc1,2025-01-01,5691,237,40
af76c15d-0867-4ae6-8450-b5ed802df262,b10b93c8-d812-4bc0-8016-7a637bab554d,2025-01-01,8474,110,31
ccf27a1e-5a0f-4bd5-9fc1-58bedb695455,94009203-702d-42ba-a645-0ff142bed5f0,2025-01-01,8702,924,45
2d492b0b-4e82-4293-9f4c-870255f5f031,bf2cb4c7-ef6a-4852-83a0-c6d0f75b20a8,2025-01-01,5416,98,16
0d9c2460-fd74-4af1-ad8b-39e5e724a9c7,d41c8a7f-9c1f-4590-80ce-8e672cbfdd8b,2025-01-01,6545,804,59
e405c7f5-64a3-419a-9015-6501d8d52a16,b45f0438-1835-48a4-8ef1-838f6c2c30db,2025-01-01,2079,317,53
0e103c85-d708-46c6-a704-309cda83890b,3b639d41-a36b-41d8-97d8-68988234e90c,2025-01-01,1168,605,5
5da1f56f-7813-443f-bc70-a11e56fd559d,ce298cde-fbea-4556-a9ad-f0613a0498c9,2025-01-01,7789,824,31
164fa676-b9c5-4f7d-8e3a-e086462b66da,6d54cb78-edc2-4204-a516-3fd27bc06443,2025-01-01,9831,51,81
fa18f50f-48b5-4470-bb2f-1c75d60a448c,fe6fe0b1-5c07-4965-bbc2-852aca0777a0,2025-01-01,9494,24,36
a9dd5a5d-06d8-4d43-987e-0806bef4447a,b1132461-734f-4952-9fb4-114a2b20cc07,2025-01-01,8004,65,28
838097df-fc71-47fb-9903-352252623165,805df634-a117-4492-88c5-f08d8b2fc31c,2025-01-01,1620,689,6
685af58a-e8b3-4f7a-b785-b466bd897936,f1b9c77d-6e75-4800-9581-7a801de65757,2025-01-01,2474,900,99
1c749fc5-1040-462e-9ef7-2c5f9796125e,c3239e92-fe1b-4300-a854-8e4ab7011956,2025-01-01,7038,661,98
d14602f3-a9b9-473b-a91b-634496b24daf,e422acaf-9fa9-4f6f-819f-5addbac28601,2025-01-01,3385,228,81
401cba6f-4caf-46ae-bfba-def73c2a1506,c816e109-cb99-496e-8e5f-e40a4db7baae,2025-01-01,4065,337,55
a7b45e6f-b1a7-4540-a1fa-ee55766e3c17,183cba41-aefa-4edb-822a-a66bcc819102,2025-01-01,1262,864,44
e2d6282c-7c86-47bf-8816-955eb0607bcb,58e5958f-b2b4-437f-b5c4-21d13dc5b9b6,2025-01-01,7374,798,51
db89e42e-1be6-47ac-a9dc-db0a4848edbe,ecbf6632-e552-4cec-a9a9-f800ac311eac,2025-01-01,4479,166,68
b594e6ca-cb0f-4eef-9605-40af494d4ae0,75bd3707-2819-4730-bfc2-36247bcfc2ab,2025-01-01,5238,180,5
12b5c366-894f-48e3-a39b-eae07e924b7c,ee756995-0b0f-4d8e-8ba6-5b0ed91b49e6,2025-01-01,4390,126,5
7486c06c-87d0-4271-b99e-3382d9da4082,85658a77-6132-43a7-9dc6-ce159a75dd1f,2025-01-01,5265,538,24
fffbcde2-c2fa-41a3-bbd1-f26e8675871b,2d4d314b-4098-42c5-a18a-3afd62326781,2025-01-01,6505,542,31
07155b3a-e503-49ed-8899-c92e913d0313,84a659cb-9f67-4415-a927-5904715df32d,2025-01-01,8189,221,16
48ed0085-05b3-4c88-a85a-1bd6cfe7cab5,afedc9f0-eb6a-4fb6-b91d-073ae2f4629c,2025-01-01,2465,261,49
4dfa323f-89c3-49d7-8678-3ed9395c3386,a9c505be-f337-42a2-b238-5d68460e8337,2025-01-01,5380,316,92
2b5a1279-059b-4133-ba55-7ac4fc8edb70,2d3e5099-07dc-467a-b90c-d3803f48b37b,2025-01-01,3499,927,0
3952f5c3-0a62-48d6-8db4-8ec804fc6651,6b3da84c-292d-4f01-8d88-f66484594496,2025-01-01,4331,183,68
d9670578-0d24-4a06-a9d1-ee455cc7f9d5,0fbe5563-0e52-467b-bd35-c40018c26ed4,2025-01-01,5391,844,48
a0464a91-690c-4fe5-8c1a-7cc85f57e1db,6427b23d-8cc4-49f4-a3b8-f8e277aba91e,2025-01-01,5746,826,77
020afd74-3529-4fe1-9147-7a5d81618d20,c138d1da-0e95-4b1d-9c98-b21502a8c088,2025-01-01,3508,307,66
73559b8a-6b80-4eb6-9ba0-529aed329d00,c35d3f44-ea55-4a06-b52c-fe32e16a21d5,2025-01-01,1299,442,23
451398f8-d972-4e75-b9c0-b8b4056e842d,a1e6eb7e-5072-4a1f-864d-9fa16a0c72a1,2025-01-01,9987,990,62
a4a17eeb-bd10-456d-919e-f6751a082942,3b639d41-a36b-41d8-97d8-68988234e90c,2025-01-01,7544,599,22
ac6ce5e0-6112-48e7-822c-7f4874e5bc40,d8c01ed3-3c9a-4ff1-8f9a-c95ab46edfc0,2025-01-01,8893,469,46
4ddfae50-efc5-458b-b9ff-0b49a7ffbf42,ee581dbb-24ee-4d3e-85b6-84ea99bab70e,2025-01-01,9897,731,69
64bffc0c-7be0-4bd6-8b0d-85d9ef4ff268,fe1bdf52-58cd-4411-ae95-c65ff665a631,2025-01-01,6216,7,36
1d8a6e21-e5ae-4782-937e-b0fe1b520ded,6089d271-cabf-4020-b0b5-57f0574b2a83,2025-01-01,5360,380,52
f95d8f8b-0d47-42e8-94af-5b10747dcee7,4ffcad09-d8f6-4fea-9a63-3fcc2c768b88,2025-01-01,9855,455,52
ef61a602-2de8-45c5-88f3-b1fd75b34c47,9e81a5c3-62e3-4e50-9736-84e568b7342b,2025-01-01,833,625,80
2f0892dd-fcd9-4299-b14b-e30268a2c087,c1767a32-1e84-4c61-9e44-665c2423051b,2025-01-01,1305,636,2
8364c465-c316-4244-a128-6fd6dd971e87,ae97aeae-1c46-4494-9eef-6e40cbc9dbc8,2025-01-01,3481,801,71
eb7a9f4a-e5a7-4c86-bdbb-c5167edad278,1c209f10-6357-4ca1-9e2a-67a0ea78ed4f,2025-01-01,7171,302,56
ad8eb1d1-cdc9-4a49-b484-1f1600cdd83f,9eae12ef-6e1b-4325-9e65-61472fb0fa76,2025-01-01,4247,128,79
af7523c8-d92d-4e25-95cf-7a30ec3d864b,53bec6c0-d53b-484b-a66b-9dee017fe0c0,2025-01-01,4375,414,33
8ea23cb3-4d09-4feb-bc9a-4be7f33e3b7f,92fb63de-f6a6-45ec-a859-cdda2fb3e616,2025-01-01,8981,875,69
9de9ebd0-0320-44ea-8bc7-9e6024f0e4a7,57d3292a-db62-4df8-8601-28667543dfb3,2025-01-01,2762,143,50
63b5bc36-ae33-49af-9d9a-936c58f948bb,c9666602-3b31-45a3-a19b-61365fe80936,2025-01-01,9962,445,13
c912ec70-6976-4d80-b7a0-aefd9dab5606,241591b5-5d62-496f-a469-1879aac6e98b,2025-01-01,7618,827,68
617e68be-3e3a-42f3-81e0-b05657152169,3a2491fd-ab9c-4d90-a8fd-ce5f13205ed2,2025-01-01,9525,270,21
4f62cde3-f17b-4e07-9c5b-e3ba345df73d,40036de9-8633-4570-b3c2-aedca99ebb71,2025-01-01,266,670,50
6248fb64-35e7-46b9-adf9-aa49fe81ae34,5f248d6e-f394-4385-b88d-fb7fb2c3f9d6,2025-01-01,9074,853,77
3d893150-bc57-4280-903b-679bd1a80288,b5a3af35-f0dc-4f56-93fb-9cdbd597dc68,2025-01-01,5880,563,81
8ec3ad3e-4254-4478-a19e-fe6706711bec,6e217056-9b78-477d-8cf5-44ca49ac44dd,2025-01-01,5125,447,67
199a355a-3ee4-407f-989c-0bc3cf18e519,6ce44609-935a-4eb1-8cff-ba4665c9761f,2025-01-01,4248,466,35
5b3bb814-4751-4a9e-a61a-583a583a978d,e7b3c8ee-19f6-4f0b-82b2-e88e8034a988,2025-01-01,6618,736,90
273e5425-ea0a-4115-bb6b-f87ba90ce48d,bd135e2a-90ae-4a32-8324-271a5fa4a80b,2025-01-01,4299,293,37
3ffa7351-8ce4-4bdd-8756-e3d93e9906b7,937a469a-00bc-431d-8ebf-b339a36560cf,2025-01-01,6660,246,19
0c086d96-7ddf-4178-bdcb-075ed66178a1,a89291d9-f47e-44a6-aefe-23f3f87c7aad,2025-01-01,8080,478,88
d990b211-c284-4f6f-b59f-007e00e2f674,e5848e67-7f43-4119-bf0a-e19c90d2f183,2025-01-01,7047,182,60
763b7eb1-fae4-466a-bd5d-1c9f746fc58f,7016175d-5293-48c6-8773-7907ea1ac9b8,2025-01-01,3765,419,32
4bd4dcb7-fd9a-45a3-aa59-8411397acfe0,f1ee6f08-2ce6-4954-a618-bb73e83c766f,2025-01-01,5130,770,54
606fd33f-0396-4ef1-9ecd-78c3d88d5d87,0c4bf4cc-64e4-4c04-9edd-ef6421f61408,2025-01-01,6214,474,21
9fe7a89b-59b8-4028-bee7-c8a617b640cf,4a923fc0-adda-41af-9ff3-12a5c63a8869,2025-01-01,4250,926,20
ee7c30e5-b1de-468e-8c19-c22dd9836ea8,43d6bb42-4718-4a9d-8d22-d193f7c90a21,2025-01-01,819,717,46
aa0030c7-4562-461b-872a-75bee0f50165,dc625079-99ca-4d02-8e0b-659a70747a37,2025-01-01,4848,962,9
7eca30b7-d4f8-4470-9436-1f2baee12e3d,60981466-d21e-4d15-9ac5-4c41fc2fc8bb,2025-01-01,9973,101,25
21bc5593-6c9a-441f-9a36-8045408cd00a,644f3ecb-3ce0-4665-8f84-cc6e7dca87bd,2025-01-01,3107,584,60
5db3af08-b6a6-453c-8ae5-390ae00b8f65,8bd1d385-c652-4689-9239-5fb3a21dcdde,2025-01-01,2032,78,13
95d43b91-6202-4a4d-b929-72f57fc83775,3e9cff11-3beb-40e0-aca0-1898e8225cca,2025-01-01,3966,198,38
b28aec7a-d40f-4c1a-bce4-fb81c7789698,6552acb2-1260-4727-9913-539e108a6b54,2025-01-01,7786,240,52
12a58971-6dbc-4ecc-bf6e-3dc980eaa1d8,d47d1a51-a5e8-4cde-beb0-aa1408a3e25e,2025-01-01,6793,460,13
cdb66596-3bda-4acb-94c2-a50a76b452d5,f4269db2-909a-444e-9d2e-7fd7463b3f0d,2025-01-01,4349,829,13
9dc2a57d-617b-4245-a1c9-3cc83f17437f,371f9607-9471-4798-b876-2476bd09f443,2025-01-01,300,988,3
90a0d99b-f48f-4add-97ca-453c923b052c,3b0b2c55-bd93-45e8-aaba-ac39bfdf61d9,2025-01-01,8275,146,61
8e3e12aa-a3aa-44c0-b520-26232e40fb19,2e72b139-06e0-4fb5-8a03-b6a5a1fec270,2025-01-01,8792,756,67
a2622205-9c00-4985-b6b8-d98848dc57e5,371f9607-9471-4798-b876-2476bd09f443,2025-01-01,9247,575,80
6fe9f1c9-bad4-4d08-adfe-b0499ef9724c,b99e18b3-a1a0-4ffc-8484-3fafb0fd7d05,2025-01-01,8351,689,6
e15ad684-b989-4119-aa7f-136918ae3d7e,bdec5948-144f-48e0-a349-7e5a24be2683,2025-01-01,4359,914,59
5bb52ea7-bbf4-4127-969b-fcb8a8b00a14,374593fd-d769-4b71-b302-eceb0a2c209a,2025-01-01,1416,781,57
925da9af-be96-4469-9bed-dba2d7fcb4e4,f31ab9f8-0319-4e15-ae07-c64c9bad89e0,2025-01-01,4672,796,88
275998f8-8b82-4437-b03e-5fc7ea59fb33,58b8f4eb-2f44-4085-89e0-43ebe68c0a3a,2025-01-01,9076,303,76
d24ba8f5-25ff-451a-9224-4ae755dc8e56,d47d1a51-a5e8-4cde-beb0-aa1408a3e25e,2025-01-01,3363,976,81
e289ff96-01ee-4aff-8555-a9506c802671,6de44ff4-1573-4c85-8366-cfcc5de9fe1f,2025-01-01,213,971,84
5c17ef12-7a16-4493-a7ef-1f032e210085,d722c7bf-6323-4a37-a2cf-9965414aee1e,2025-01-01,3507,640,14
76bd98bd-d3d9-4a0b-a42b-9a0c3584b2d9,c9a095ba-7910-4ca3-ad92-0deb05746b84,2025-01-01,3445,363,58
5e3e2819-0e88-47ca-8fa5-5afe68ed6899,13a2da21-833b-48b2-aa05-9cfcb1e3592c,2025-01-01,2264,954,21
56c29e91-d4a0-4b4a-a8c3-3808d8cfc9d7,3b0b2c55-bd93-45e8-aaba-ac39bfdf61d9,2025-01-01,1834,334,34
455fab88-15a5-408e-8680-4c7cbd55a9a4,61746eec-2812-4b19-89ad-26b9b576776b,2025-01-01,9162,582,58
7afc5a72-1081-4808-a6c5-abe933797f8c,1cf80a49-16ac-43ca-ab50-fa33cb1b790a,2025-01-01,1041,425,22
72c512f8-07fe-4737-846c-8148ab3fdfae,68ec07ff-c21f-4b44-b55f-69f5f05caaf7,2025-01-01,499,770,7
4ed215c2-e0ae-4f38-9d2d-256e7f5843b1,f06ae607-867c-4ba0-9dc2-60b6e9605891,2025-01-01,4590,931,32
f60e642c-6a83-43d3-b602-89e6eeae50f0,76e277e0-6d84-4ee0-b9ce-7d7782bedf0e,2025-01-01,197,360,89
7b79d064-df1d-4f73-896b-ae9b39f29889,38623523-8f8f-4397-90e8-c9aba24cd070,2025-01-01,6478,889,97
63226a8a-f8a6-4279-85ce-cf30b075558e,debf84bf-0fa9-48cd-b9df-55b588efead5,2025-01-01,5088,304,62
2b5b8efd-2287-4631-8b39-4ca0b2b53eaf,0cb4b5fd-ff03-4441-b568-3652e4275391,2025-01-01,4072,498,13
7742eb58-dc8d-4499-99cc-0eb080a63e5e,74194351-3a95-4980-aa56-b10603c28495,2025-01-01,2846,726,38
b67807a8-edfb-4cb4-a49f-421679cfe809,dce31788-33cd-4f6b-81f7-b654dfe1749b,2025-01-01,1603,619,3
d2885f5e-fb54-433f-b3f5-9a1e18ad2c86,123fad12-537b-4a5c-a19b-f329c25927d0,2025-01-01,3923,706,7
6163f90d-3070-4287-bf40-274755a5ae12,9ef4323f-2663-4106-8c9f-59c9ee81f24f,2025-01-01,3623,510,19
5ce6eb9d-314b-43de-9695-17cd279f5124,8a395b7e-9c66-4785-99d9-e143f9f1ac8e,2025-01-01,148,720,34
6cc6ee29-2a1f-40cd-9fd8-f5dffe816585,e6d6344e-debd-4788-a203-aece2a89ce3e,2025-01-01,4344,154,30
710fd0ee-1cee-47f0-aa4d-99ddb4456ce9,9e599ea8-4d27-48f2-a4c9-e26d70aefc40,2025-01-01,9693,173,15
5a472f75-be89-4c74-9cc4-0eefdcf561a2,aeffcc7d-e5be-4c38-80dc-01eb98f6fd96,2025-01-01,4532,37,70
53872d21-422c-4a1b-813c-b4561f2641a6,03401a1d-6d99-48c5-9937-467e0d3e5932,2025-01-01,6652,234,30
c83eda70-d7a7-4cf7-b218-3c458baca75a,2e851a9d-2c1e-44a7-8797-4f338abc4938,2025-01-01,5337,794,9
32956167-b1ef-4310-9692-087415b64a29,915a6ab5-c939-4b31-9a31-8d8dcf98b9aa,2025-01-01,6317,432,6
ec3d758e-2e27-4805-9102-037b8b0cd866,7c07edac-cc8f-4ba8-afe6-92f25b27327d,2025-01-01,9211,65,48
2991f294-b324-4218-8cf5-7ed37e94d244,e95a5141-ae72-4c1f-80af-224d18df5383,2025-01-01,461,545,94
13e61be6-9440-4531-ad36-5ad8caab2f57,6af7e714-1d50-413f-a1fe-c7e7998bb209,2025-01-01,0,821,26
1fe0a62e-2acd-479e-9a06-ab7b3d66d279,bb862b9e-1241-46f0-a14f-d5cb16e8be92,2025-01-01,1644,343,46
ecbdc5d3-f805-4d48-a23e-76937da08083,caa375e8-be80-45d5-ab34-24ebc3d00b13,2025-01-01,1415,539,73
dd1aa5f4-a185-4407-8eb5-e29d0dcef3ba,3ee53054-a2bf-47a2-ab00-4bdec3a809e8,2025-01-01,7676,974,99
0ace7682-cbb8-40d1-b16b-01e6dc4fee56,74194351-3a95-4980-aa56-b10603c28495,2025-01-01,1395,867,10
3cfcae5d-c697-43be-abb5-2367f945adfb,75345811-b674-437f-bc51-44405c7a734b,2025-01-01,8036,725,69
6cc3a000-fbba-4f2c-879a-3f6ba2a39dc8,692013b3-ee82-4783-8bb9-f0df175985fe,2025-01-01,1126,623,38
ed3eaca1-2cfe-44fc-b2be-136b432f8df6,0fcc8520-f5ce-48fe-b7f6-09b56220b3ad,2025-01-01,6179,341,62
005acc15-a90f-44b5-a342-41a4c36f7187,20d88bd7-80f7-48b8-9b14-22269082d529,2025-01-01,5536,773,54
ef94bfa2-f6b0-42ba-b8de-eb96090dfddd,a1e6eb7e-5072-4a1f-864d-9fa16a0c72a1,2025-01-01,5735,413,29
eebe3235-2d81-403d-bb94-afac4bef4495,14ee6daa-6c9c-4ee8-99d3-9651daa1bcfa,2025-01-01,4396,281,49
4aaf0802-f68d-40f8-98c0-c04fecec836e,f444c980-5d90-4c3b-8844-5b2ae79e04fa,2025-01-01,6393,31,10
07963a82-fb1e-430d-868f-75846b8e6889,3b4cb02a-2f76-4b56-b30e-023abc6e31b6,2025-01-01,1343,588,27
52e24eb0-0837-43fd-9d2c-1523f31c2579,e5a5d264-b40b-40c1-8f67-9a5a92eff182,2025-01-01,5682,185,34
f41eb2aa-f61c-4f1e-8d67-3e5167dcefe8,f444c980-5d90-4c3b-8844-5b2ae79e04fa,2025-01-01,6007,415,5
40e89067-6f5e-4667-8eba-9ceb56e081ec,d49a69f5-d937-4b9a-be53-496bc5663c8a,2025-01-01,4662,288,83
a7236ef5-1544-4f4d-a530-85f10bcd1bf7,a2de8cda-7bb7-4943-a504-0a1759170560,2025-01-01,6999,701,57
e79438a2-a14d-4c6f-b8b3-962bda735165,cbf8bd30-c7d7-44ac-9036-86c91fc4e228,2025-01-01,7628,212,87
8ed3ad4d-1f47-409c-b0e6-573f21395289,14577fd9-f7c2-49d0-ae35-a723cd95f2c5,2025-01-01,5334,694,67
b7a626a9-ff7c-46b8-a44e-14dc30225e45,90fc0e22-9b61-45d8-8186-30f08b67de50,2025-01-01,947,816,78
e80fc0e2-6fc0-45e1-a050-6d8b5c235c6e,3a078995-6415-427b-93fa-1dccfbfaf262,2025-01-01,1795,294,47
c1047c62-774f-46ec-9969-1fdcd89d9215,7e9b5a5c-1c19-4668-a362-b995e2c2db7d,2025-01-01,7880,300,33
02a2107e-ef96-4423-80fb-6790fdec3c62,975e7ca8-97ec-407e-b94a-93c9b3a75622,2025-01-01,3083,152,1
72b123d4-e380-4022-8632-24d3ccebc735,7508a5a3-e3d0-48d5-9047-090e4f31d049,2025-01-01,2463,971,72
c288d863-873f-4e17-b524-24e5820038ff,25d097ed-131f-45c2-9a43-62595431f115,2025-01-01,3905,500,91
169e4c7b-d9d3-440d-a571-efaf66982ec2,a0ad4a3c-a7b5-45be-a7c8-40b0e1219867,2025-01-01,7432,161,48
6ee4d724-4c96-46f8-9ded-28afb96aa120,c07d432e-fad5-45f5-a5c8-d277b3931a75,2025-01-01,4370,743,56
7af1b34e-515f-4f9b-8da5-2af8ce557646,f3d213af-01b0-4a2c-9e47-c092ef5a259a,2025-01-01,9706,312,68
b01b14b2-c849-4a5f-9ee5-9a4969524c33,e6d6344e-debd-4788-a203-aece2a89ce3e,2025-01-01,9147,671,83
d4c84493-ab96-41e9-b062-b7eab11c7e14,98df03af-ac56-4bca-a8ec-9fafc7ab44e7,2025-01-01,875,700,26
afd21761-4c74-4aeb-9bd0-ceba7415a6e0,bba7a942-a9e7-43cd-853f-63e8dc386229,2025-01-01,430,262,34
4a9afc7d-50ed-4779-acc3-22299c2bb5d9,704ef5e3-3a9b-447e-907f-757bc2634d45,2025-01-01,908,438,22
d95b8450-2e96-4507-a6fa-bb23923cce6a,f4269db2-909a-444e-9d2e-7fd7463b3f0d,2025-01-01,8826,244,71
71208222-edb0-45fa-a380-10ec41faf677,bf9d0e48-c136-4ecf-be3e-c8b5af25d458,2025-01-01,9506,374,91
f2b1dee9-a3b5-4a82-8c41-b6b3be4375d8,cb4bcf8b-f6e6-41e5-a480-9714d392c485,2025-01-01,2182,583,57
e3d2a21b-7c41-4f7b-9262-74618bccb506,6755beef-a2b5-4a54-af40-45b7d7cb5ecd,2025-01-01,4284,697,15
6190c18e-5de9-448c-9222-639ab0498536,5689cb45-468f-4698-9ae2-3ad399b230a2,2025-01-01,3235,491,49
609bcbc0-6472-4380-9eea-8313b76f77e4,092f4bd7-f19d-4f97-a1cd-c1b1f1b2afb1,2025-01-01,960,508,97
caf7f927-a7d6-4433-a209-5bd492931fb6,87ea8902-312e-4889-94bf-591b8e60392a,2025-01-01,465,857,43
8c01890b-eb63-4c4e-a665-84bb04b9fbb4,61746eec-2812-4b19-89ad-26b9b576776b,2025-01-01,5807,145,55
d60c088a-4b01-4402-b553-3d8ae20314ab,9d92b773-a7c2-4ac0-a4e1-f47b1fa9ef34,2025-01-01,257,46,2
2830de74-c8f9-491b-afe0-6483fba1907b,e7704cfa-8015-4256-9de5-2846a7b14c44,2025-01-01,1580,781,19
71d1a3c7-967a-4278-a472-4265089f613b,2df6ce56-f96f-4227-a894-61491e011e4a,2025-01-01,4027,38,13
afe8a418-449f-4a43-8d18-be503f0d9df0,80250ae3-950b-491c-9350-bcbdac72f40c,2025-01-01,3699,674,28
023084e3-ea47-4407-a412-09cc85574212,d7b43af4-912e-4116-ab7b-55f5f88f07dd,2025-01-01,5412,237,42
fdee771f-0272-45f3-83d1-0e728ef3f516,51d2a450-c9f9-4ad8-a9b4-81ae29bb4457,2025-01-01,2202,392,46
139f2ad5-42d5-42a1-86ea-852ab874444f,0c4bf4cc-64e4-4c04-9edd-ef6421f61408,2025-01-01,3422,17,89
0c378ace-86b1-4d8c-8f21-fb2151a10225,e25185a7-d4f5-41f4-a789-bb44d2375160,2025-01-01,5501,78,56
d99e2128-be7f-4b80-a25c-10e3aee57298,22bb1bd1-f858-40dc-bd6e-57b076718095,2025-01-01,2192,872,20
6647695f-f2de-407b-8071-426a5936486c,6089d271-cabf-4020-b0b5-57f0574b2a83,2025-01-01,2025,198,75
c1d83b3a-b5f6-4924-ac01-7775757a324c,c138d1da-0e95-4b1d-9c98-b21502a8c088,2025-01-01,684,669,67
2f4eb332-973d-432d-8ad4-f020eeee42eb,11b3b473-efea-4bc2-ac5a-61ae242b8f1e,2025-01-01,7996,880,26
da4fd59a-b50e-4c6a-8153-81f469f071b2,7eab486f-bd6c-4902-bf89-a061a4d85fa3,2025-01-01,6454,730,16
3177c540-da43-49f6-a4b5-3e52a03b7f0b,58740909-6321-46e9-b909-774451f30bcc,2025-01-01,8320,713,70
2ff7ebda-73b9-40ad-8b7e-2d519cfd11ba,d70e624e-6038-4d2f-b068-afca913e98a6,2025-01-01,5878,43,50
1eef190a-06b7-41b9-858c-5c8a5f854ad3,ade1f573-aa6f-448f-be46-f2d5344891af,2025-01-01,5167,889,16
f0191496-db32-473a-8d9b-bae0958eed83,82ea7efb-dd18-42cd-a4e3-9e2f4519beb5,2025-01-01,2243,165,96
29247b40-6ec4-4ac1-9a55-b3b6bdf8c164,e649d949-3943-4233-9676-af4069f0a343,2025-01-01,8735,574,36
b7f9e63f-ba5b-4e4d-be0c-546fce595bdb,68ebe2bf-1ae2-4373-bd25-92b14736f291,2025-01-01,5815,897,14
7bf0f022-8af7-47a6-8dde-de5fcd32ce1e,0c970905-5a87-49d7-9d4a-ccd2566efdc8,2025-01-01,4633,315,46
e4cc7037-f614-48a5-8528-72d04856b621,ae3654a1-b458-4ee3-b256-2f1339e07d32,2025-01-01,44,863,65
d0ed8f3e-68e2-48c7-9800-ad68f53976eb,ef874a57-55a9-4337-b271-7f133a21460b,2025-01-01,2175,896,59
ce61978d-c1aa-4646-ba36-f23a90e03ebd,2dcb86fc-9eee-4ae1-b9bd-e563cf541b7c,2025-01-01,9780,205,83
73052e16-847e-45d2-a015-aa749d5cc1aa,dd09673b-a759-431b-9f7f-02faef8d8c74,2025-01-01,5902,674,38
c9c2c568-ec58-4f6f-833e-980196ea885a,b4f539b8-b889-4636-ac09-c0b20a603fa0,2025-01-01,5123,885,93
31c04592-a52f-4f26-b691-449e8354f6e0,46063565-a3ac-47b4-a636-709751923d17,2025-01-01,3194,354,12
a562143a-497a-4723-bcea-f481d86010f5,47c24d6c-3948-492c-b733-03fbe2dde8ec,2025-01-01,6396,162,20
a6ce1566-0eb5-4b4f-a326-b1ce33250a57,9aed4394-544c-4b99-af5b-ca774de3a115,2025-01-01,1083,660,77
35602fab-7aa5-488e-9f70-b2e07e578919,350f1fc8-11cd-4b22-a3e6-0d4d23d83667,2025-01-01,5648,924,79
ad70dd33-46af-480b-ae74-fdcad0cd174e,381e20b8-7cbd-4319-925d-19a6333e7eae,2025-01-01,5602,799,1
9f1a9e74-33e5-4373-9b46-6b489dc57654,2bf9d5fb-839a-41f8-bd72-b6b39206a13c,2025-01-01,9406,593,18
ec083bed-a67c-4adf-9554-cb63179b165a,54f0e562-8e06-4c94-80fe-a910cf8f85e6,2025-01-01,4494,31,62
2c67e2c5-bcdd-4c20-aad1-fd9b7095457d,d7b43af4-912e-4116-ab7b-55f5f88f07dd,2025-01-01,6425,202,52
ac811cf5-e86c-404d-8df7-105db50df325,5b917df9-b7a6-40b0-afd7-1f685e5a7463,2025-01-01,1435,636,15
98b1ca04-1e88-4c15-a454-b9499372e3e7,7d0d67c6-aab7-4435-a5fd-95c96b84c9a4,2025-01-01,1180,631,78
b83c1928-568e-4d8f-ab58-4e6fdb872492,245913f9-5585-4701-98cf-df701462ae70,2025-01-01,5503,522,3
d4d258da-3015-487b-92be-b1e64007c3d3,ee581dbb-24ee-4d3e-85b6-84ea99bab70e,2025-01-01,48,849,25
7a1a11ca-dea6-4cf5-9527-7a51a2efa85d,72f4c6cd-700f-4135-8825-55d31a5fa624,2025-01-01,6877,550,65
0d0bec6e-c2aa-4d6b-b9bf-6f8824f7fce4,8ffdafd3-9d97-4561-9eab-efb8fd024aef,2025-01-01,1507,374,98
beacf46e-460a-4723-a3c2-d73ee874d8a6,faffe3ac-b12f-4c9b-879f-4e39d9e373fc,2025-01-01,4776,269,51
2aa696d7-14df-45c1-9a36-f403f4d777f8,8ec0c796-1dc7-4ac3-ac22-4f3cdaed07df,2025-01-01,655,585,93
79cbd6c4-49b7-4409-a2c0-62bfd4a5f28d,95ba56bd-567a-4cce-afc0-c013ee38f2e3,2025-01-01,7542,265,12
16044254-94e3-4d0e-b070-4f8cab745070,7c07edac-cc8f-4ba8-afe6-92f25b27327d,2025-01-01,4721,423,55
f3d66f52-27fa-4d62-8f9c-4ad8ffd3119d,b3643ea9-53a8-4fbf-a05a-b57f6de62af8,2025-01-01,3674,775,37
d4895537-1bf7-4cbf-a24a-1ef6a9409915,3e9cff11-3beb-40e0-aca0-1898e8225cca,2025-01-01,6989,294,92
10f52f6a-6cbc-4faa-ba73-371650b49e41,db21a562-b49e-4b47-a77d-2e1383869810,2025-01-01,5556,661,20
68bd0508-d681-4fc2-b9e7-c027ba721764,a13fa6de-b839-409b-a1d5-a9a16702538c,2025-01-01,4622,834,42
e4adb6e3-905f-4c94-a2b0-2439153d1236,9a863734-e786-47b1-82c2-f976cbc54db3,2025-01-01,4336,860,43
7aca6272-ce37-4468-8aad-c9608428485b,6aed85b8-f10f-40dd-a440-854ee17ace53,2025-01-01,8755,263,17
bd7cfae3-a011-4dfe-8044-d64c9f1584af,93a48a13-d889-430e-9475-4766a64432d1,2025-01-01,5734,710,29
55e91fcb-59b6-4265-b05c-1e53b5fe057d,f06ae607-867c-4ba0-9dc2-60b6e9605891,2025-01-01,1396,815,98
3f6899fd-bf38-458d-9686-35189c93f82d,6050ae2d-9d6a-40b7-b782-fd365a022100,2025-01-01,6648,481,44
e22db502-6419-41e1-8643-f58cade460fc,b3fc9f35-95a3-4390-9697-f3c0c23be2d8,2025-01-01,652,399,7
8676e1f3-c92d-4de0-9f87-e41d960259ed,ffa7859b-9197-4a98-bdd0-c27dfe812a5a,2025-01-01,7586,720,43
0bce9f89-668f-4b7e-8d80-ff507baf053c,547c16cf-9597-478e-b46f-2fefac469736,2025-01-01,848,104,95
7f375b91-4b07-46fe-a145-5a4fcb586f9a,7eb8f151-a2d5-4e09-9e88-0afbe4703b9f,2025-01-01,3506,70,68
e49d75c5-a167-4bb9-8ba2-a76e094909c4,65e69ff4-0a19-4c0b-9667-e14316502d2f,2025-01-01,5992,780,72
50a2a287-6089-4d12-ac85-8bb7f3db618e,f8231252-2816-418c-b529-3026cb46c3bb,2025-01-01,7595,280,0
71f0d4e0-4b59-4c55-87a7-38b5b3e5eba8,b94c8a1f-fe7c-4877-8bc5-c7ce8eb771d7,2025-01-01,6616,756,13
ce5a7557-5884-4461-b714-0831890b5f9f,656ac2d5-21c9-42a1-8236-f2df7cb8b92e,2025-01-01,9749,783,15
6a8b5d59-8fd6-4669-8728-c617d5f5a2cb,6e814e53-80e0-4f69-a278-e617121589b4,2025-01-01,9678,135,37
9a0bb6e3-f6e7-4357-8002-0adfd3af4883,4fc65727-2298-444e-be59-1f329a107b3a,2025-01-01,2191,346,35
b5d5622d-13a1-46fc-8f5a-38b1d7ea7409,f96d2cd5-4651-4360-bd62-82cb356637b4,2025-01-01,4209,40,6
7d4fde78-1727-4c13-8791-0167067ee8e3,c99524fc-50a4-4dbf-a8ea-355ffe82de86,2025-01-01,5835,838,28
b9993d77-d9ea-462b-b2a9-58981ae240cd,6e9303e8-0aa4-4179-adf1-dbdbcea654c8,2025-01-01,2563,533,3
beb46fe5-f3bf-4007-9793-00723da1787f,86da9130-6525-4408-bae6-91ba731f6497,2025-01-01,4218,660,1
78cfdfe8-59c9-4484-88b4-25716a134dc8,618421fe-ead1-4224-b18e-38698ced9ad5,2025-01-01,1096,794,74
b50916f7-5bc9-4b26-be19-3209fa0e92f7,a4473dfd-6207-4d83-bada-40e2fc26d689,2025-01-01,6624,336,56
9a2c066d-cfa5-4ca5-a791-244b5cd211d4,d722c7bf-6323-4a37-a2cf-9965414aee1e,2025-01-01,2926,692,15
8b01ffec-e636-4b46-b6ce-8484156ad5f7,4d5c6142-fe51-4b83-9ffe-6ca3b11a723e,2025-01-01,5392,118,97
17395c80-59f3-4768-ae94-d69e9f12e211,d05fec7d-7cdd-42dd-ba65-74096a37e50f,2025-01-01,7436,570,16
48f5c80e-c5c0-4c3f-b8ce-2a25a69ec4a2,cd53b6d6-8b0c-4f5a-b914-62b9f87123d4,2025-01-01,1022,484,92
20f1e16d-b449-4279-803e-311cd929ba9e,71f0bb53-71f3-44c3-9902-cd19d4a637b3,2025-01-01,9137,738,64
14504510-5ee8-4e97-b5f8-986fa53b1c86,5d66bb31-1b26-4a41-b20e-c320982d5f15,2025-01-01,2177,555,95
97014710-be62-4828-92a3-17c096ca365b,e1a3db19-4d2d-466c-a9f2-f1869f58596f,2025-01-01,1326,313,11
15b17036-4b8a-4fff-bd09-7f7da9f72b1a,fad087cc-913d-4223-828f-456d2ec3d21a,2025-01-01,5988,472,13
103a0ebc-47cb-4e71-81c3-3bc5acf0e64e,146bc27d-00dd-4454-918d-9a762fb4bb01,2025-01-01,9495,137,29
43036203-df91-42cc-a92b-2a6fa9732740,22711a77-2eb9-4c75-8e15-fe0ff21f1345,2025-01-01,3870,788,35
968e5e4f-39b0-42c2-be54-36aeadcf70e5,467f13d7-0c65-4dce-a874-690783a27f32,2025-01-01,1121,775,30
d444fc7a-9524-4f44-9473-a529b6596a52,8a2147e1-d860-4ffa-b57f-1e72b470bd4e,2025-01-01,4770,518,79
86a7eabd-1461-4824-9cd6-2edbb0ca44fd,8ffdafd3-9d97-4561-9eab-efb8fd024aef,2025-01-01,4202,894,82
541cba55-38f3-4c8f-8121-75618e1fbbe9,725367a2-a011-4b5d-902a-10970e6b3f95,2025-01-01,6969,274,0
e9c595c1-131f-4831-8d75-95f507938891,349aed41-f169-4d6f-ac24-601591c2eb5d,2025-01-01,1072,198,26
23f77b45-9274-4cbf-9515-72737d7402ae,935ee0e2-d86a-4054-a3b5-02aa2770415a,2025-01-01,9873,176,29
f605c4cd-def2-4b40-9f69-bf106bb88d2d,3a078995-6415-427b-93fa-1dccfbfaf262,2025-01-01,9699,484,65
e3ec168c-748b-4528-ae0b-4bd1d31a3e4c,2184bbcb-05f7-4255-9f6d-6aa082867726,2025-01-01,4971,542,87
b370b8bb-7ff0-47e7-9f3a-35c2086cbd35,7c07edac-cc8f-4ba8-afe6-92f25b27327d,2025-01-01,5531,729,18
10213f6c-02a2-4070-b0f1-fc8ccfcc003d,a3eb895d-40f9-423c-aabe-9b3826bdff3c,2025-01-01,9180,980,20
d2c8a48b-cfd9-4048-a893-9d56417d3bc2,c4369e95-3415-4b39-a50f-88f88c28d303,2025-01-01,5753,327,96
a5b6d9ea-c8e3-45c8-9c8a-d3770d5e6e09,a3bf6783-7b05-4b7d-bfa1-2d251496abbe,2025-01-01,7218,123,94
2a9fabaa-3bc3-42df-b2fe-e625fe0749be,65e69ff4-0a19-4c0b-9667-e14316502d2f,2025-01-01,4326,760,51
ba1286df-052d-43cc-95cc-67040115d6e0,8a2147e1-d860-4ffa-b57f-1e72b470bd4e,2025-01-01,8751,387,28
17520df2-d353-41bd-881a-2fefa6f8fce1,f03b7299-f5af-4298-ac2f-7c49960c495f,2025-01-01,1514,371,94
bb8f46cf-d032-4ecd-aa90-0e3d21b9358a,fd967c44-cce9-4a29-8afe-6f69738241cb,2025-01-01,3047,502,58
a6d0111f-0c04-410d-bad5-3c8c16a6a4dd,6427b23d-8cc4-49f4-a3b8-f8e277aba91e,2025-01-01,3723,898,20
f9137570-8c31-4b54-9413-ad5feee7d9c1,975e7ca8-97ec-407e-b94a-93c9b3a75622,2025-01-01,4466,6,80
96e7887d-f333-4edf-9976-b332a5120159,61746eec-2812-4b19-89ad-26b9b576776b,2025-01-01,3290,585,77
29ac9188-82f8-4661-9018-c7d6d1b4b8ed,a8360232-86ba-4aca-a861-d52dd7f61dcb,2025-01-01,7549,867,2
319b280c-b8e5-4cbf-b080-bab7f328fa6b,3b4cb02a-2f76-4b56-b30e-023abc6e31b6,2025-01-01,9841,639,91
28242c0f-fbd2-4605-8fc8-ca79a9e58c41,480887ac-765d-4ec2-a3ce-d6d88bb0c5aa,2025-01-01,8176,512,1
e75b5dae-b985-4522-926d-f5045ba9bcde,245913f9-5585-4701-98cf-df701462ae70,2025-01-01,7764,110,83
ecdc8caf-3eaa-4fa5-9439-164bc26d9d96,12d9f7af-0915-42a5-b60c-714f51d9eb4f,2025-01-01,3162,46,37
dec39998-4319-4a02-bf13-826fc61bf3d1,bd135e2a-90ae-4a32-8324-271a5fa4a80b,2025-01-01,1738,543,75
53130ca6-a900-4ffd-923d-0c8d446ab12e,5ac3165a-6bdb-4cae-9290-f03bbd5ae0da,2025-01-01,9117,710,4
3e39e7a2-73a8-43d7-9275-a92f5723cdde,8eea5949-c173-4644-8bca-f1abefc81795,2025-01-01,5320,501,54
87102abd-f143-42b9-a28e-f26475188034,ee756995-0b0f-4d8e-8ba6-5b0ed91b49e6,2025-01-01,6420,944,96
d8977c59-f4b5-4b29-bbc4-30de3e3cc625,09c5f405-fd4c-4a45-821b-724eb8ebdef5,2025-01-01,2005,123,60
52e0f67a-ff36-41af-9fee-af551a92494f,213d2690-0ea6-4643-b17d-809aaecb9358,2025-01-01,6190,608,12
e2734aff-406f-4795-af15-72b5d3341a8f,5e5981c3-7bab-4821-92cf-5487be2b1c13,2025-01-01,2977,151,80
2a441d74-1dd0-4b08-b8dd-ded0e0b5c590,0910c623-1eff-45f2-be93-e4b618cc64ee,2025-01-01,8711,793,73
13b7b5fe-711c-4e3c-b295-21f1921a28d9,9e15e58b-7b78-409f-8b0a-989f5d350967,2025-01-01,2279,471,42
f95990b8-26f4-4937-bf81-d10d1816d8ac,c077aa34-00c4-40b2-8870-e5866d4c9a98,2025-01-01,73,107,41
783b9090-5210-4823-80c5-aa27e4246e08,b27b55b1-3397-44d4-a04b-46cf3466ee0a,2025-01-01,2748,774,31
e96fd55e-bc74-4c08-bc47-2774728967b4,e25185a7-d4f5-41f4-a789-bb44d2375160,2025-01-01,8841,498,56
70b43b5e-6ea7-429f-9d85-c18b46d84ecf,779e8091-cb77-49e2-b0b7-f1a9682f03aa,2025-01-01,5703,107,63
39f277ad-dc52-4ffe-9190-c26b614474cf,8134535f-4bde-463c-8432-ea54bec69a5d,2025-01-01,1128,830,88
03488120-bea1-42e0-b5cb-a79f96c686e8,c870df06-f8e5-4b2f-b854-9bd366ce923b,2025-01-01,5330,269,77
4315c7f0-d05b-4ba4-b8ce-b1562be89ab4,3f3f9d4e-42d2-43f5-985f-d6e87341b630,2025-01-01,9836,477,21
aadfd6f9-3e11-4b98-8531-f991435c6ccc,e036dbe0-47bc-491b-9a6c-b1541d8792af,2025-01-01,6905,640,70
d3e15200-42d7-4f8a-b690-ed8215c33a93,b99e18b3-a1a0-4ffc-8484-3fafb0fd7d05,2025-01-01,8749,707,43
dded1d96-069c-4038-bbc8-465d19d8d6e9,c99524fc-50a4-4dbf-a8ea-355ffe82de86,2025-01-01,9572,956,20
0a5a0b88-e6c5-4e4b-96ae-a92e4cdd4a21,1f4b31d7-07ab-4b36-8151-ea0b78a64088,2025-01-01,1770,968,5
6cac9b74-53bf-4f90-88f0-a112a1a957c1,092693fb-f812-4cf9-abb6-d68bba79a48a,2025-01-01,1449,33,44
16ff2275-cc03-4cc3-a37a-9bb730878c3f,3ab7fb4f-fac8-4cf9-b21a-2537797164bd,2025-01-01,6307,590,51
715fb43c-da7c-43c9-8d9c-7553c1a5509c,74981e41-0431-4a8f-a6d9-d65858382127,2025-01-01,2811,44,21
8460c09b-0461-4b68-8e60-208e6ef9e9c6,84a659cb-9f67-4415-a927-5904715df32d,2025-01-01,1945,519,78
c49015f3-77ff-4c6c-9ced-402fbf742ce8,5e5981c3-7bab-4821-92cf-5487be2b1c13,2025-01-01,6570,605,84
7808e6a4-6af7-4d6e-b8e8-370d30741c87,5a3a569a-e5dd-4349-9397-bd5435e02965,2025-01-01,8729,503,28
655f47ce-4a55-4a39-aca8-a46a8dcc55f6,595136ac-51d2-4f2b-bed2-654ed41dcaf4,2025-01-01,6446,520,41
e9cfd8e0-59b6-4c0a-8fe9-541e59b92c3c,4d5c6142-fe51-4b83-9ffe-6ca3b11a723e,2025-01-01,2115,129,7
02abbf07-c9e2-45cc-9d48-d17fdbc8508a,56705c38-be7d-4b0d-b63f-a293b1741bab,2025-01-01,9520,174,86
6858c08d-9928-488a-b470-93b9b159e6b0,5d8c740f-1cd7-4117-a868-07f085404e21,2025-01-01,5026,104,0
35048617-50c2-4c61-92b6-9604e27aa8c9,8c696368-5fb7-4033-97c0-5544df5f56bf,2025-01-01,9800,666,4
fb2fa195-83e6-4312-9dfe-d9666214967c,6f8a3e1e-7449-4038-a36b-f2575a2499ea,2025-01-01,2665,533,89
e142b44e-b973-48d5-a24a-df8c2085ba4c,c4ca937f-8420-4125-838b-31e1d9a98620,2025-01-01,4642,770,95
e2090045-01aa-44dd-8d5c-139557bc5711,bbf6d8a0-d53a-49b0-acc9-298981347a7c,2025-01-01,3442,393,18
b173e7c3-7ed5-46bd-a1d6-74019495ac2d,58ba8aac-5580-4014-b192-18e69c52fbd0,2025-01-01,1814,572,41
b448b878-99d0-429d-a133-08355655d2d7,7eacb4ed-7d9a-4830-aadb-4466b1ce846e,2025-01-01,1195,407,51
5b2dd303-f958-4460-9d8a-ed55eea274dd,f6e60319-d6f1-4009-9cec-82d607fb5a97,2025-01-01,4051,611,39
2071d071-d653-4c80-9b14-803b27e37420,90fc0e22-9b61-45d8-8186-30f08b67de50,2025-01-01,4080,277,31
bdc6a217-f3d8-43f7-bc0e-da82e07b1a3d,b7aedb50-01bb-41c6-8282-58684b0e0b51,2025-01-01,9984,161,74
09938466-4db3-4b3d-9741-572397ea0762,db29423e-7f3a-4b46-937f-09b85283f907,2025-01-01,9557,34,50
b995b264-dc0c-48d2-a6ab-d9468aeb8215,a91e527a-1ce0-4fd6-95b1-95c858a73167,2025-01-01,5539,621,62
6e6056fc-d82c-471c-a9a5-84c46c489a99,af35292b-4593-4eb9-a7d9-ed9730148c8a,2025-01-01,7608,747,2
7fde6f7b-95d4-4ef3-b9c6-70584a346d00,5f238014-5ed1-4fd3-bbf3-6c2a96aba666,2025-01-01,2298,557,20
bda17820-5d03-4341-8aaf-0fb674af3db1,8c3d635a-e37b-4d46-9b84-e52869883d51,2025-01-01,2482,909,71
5000a2e2-85c0-4551-ae11-008a462455cd,c76195c0-a94c-452c-a298-54cc54137bbf,2025-01-01,3741,38,72
d25ef484-d277-4d00-a826-12d418025f2f,634066a1-4d23-4298-8ff8-ede938a1c980,2025-01-01,7083,486,22
0683d874-0e66-4c83-bc05-5d9bf8e1424e,a8517c6a-ee53-4696-b37c-d330abb4e465,2025-01-01,7073,191,79
5dfe4929-9164-46c0-872a-b412c73acf08,2d4d314b-4098-42c5-a18a-3afd62326781,2025-01-01,1622,247,97
6360192f-33ea-4c7d-b90b-aee8c64b00a5,1c829cd4-496f-4987-8a54-917438aaf301,2025-01-01,5004,521,10
1783fe30-74e6-4554-9faf-96321b870441,69a39a18-5f01-4a5d-bc02-43209eff9bb8,2025-01-01,2750,188,44
79291892-f890-4981-9ea8-ec47b3c7e11a,0181eb7f-5423-417c-937c-ab69fc3636b9,2025-01-01,749,169,16
c9b948ab-59c5-480f-acd0-2e24dca0ba95,f7d12d27-d34d-4871-9ebd-5d25aa83a81f,2025-01-01,1019,107,35
4e9afab6-87c4-4f63-b423-ba2aed0a360d,07437943-08ed-4ebb-aece-1342e20ac2a9,2025-01-01,3797,455,40
e72b8d91-8c9e-44e2-969b-1cdfce10174e,749158ea-4b7a-42e4-a9a8-7b0276b3fda2,2025-01-01,7106,698,45
e5dcbf87-2c95-4758-8354-aab009289a90,6552acb2-1260-4727-9913-539e108a6b54,2025-01-01,7296,18,64
e911d85c-1ebd-4351-b8f7-2aea27b98903,e04d7da5-ffd5-45bb-a91f-59aa7dd44b41,2025-01-01,9524,558,78
937f9c1f-b860-4ce2-a43a-9e74e3c6e69c,32f74677-10a9-4b21-b1d4-089940e51015,2025-01-01,8924,15,37
44566904-c613-4a8d-8ac8-103bc4b544b5,14f56522-6e81-4066-9cfa-c98791636e4d,2025-01-01,9525,323,15
1fe9a6b0-bb91-4cf0-b71b-0044ea771e8d,4ec40481-40c2-43db-bf5a-5200bd575571,2025-01-01,1580,159,5
0213c091-ca91-4347-b7a7-54967b792c53,a731301c-56cb-4409-a4da-9aed7f6ecfb6,2025-01-01,1632,475,47
3450cade-cbb4-42ef-a6fa-470c589dcac3,def20167-9b54-4269-a2db-0cc0b3c4791f,2025-01-01,2717,286,84
d5897ab2-6676-4f42-83f7-203ce25ae4b8,4fc65727-2298-444e-be59-1f329a107b3a,2025-01-01,79,914,64
b9758cc7-fa65-40d8-b679-e39e232528bf,796d0989-10f2-448e-a2e0-d3c7ca228af6,2025-01-01,6436,773,82
e2d5c44e-c4ef-4510-bf20-0c11165d9eee,d249c665-0a40-4035-a980-9e6c94274587,2025-01-01,8779,462,62
94aef7cf-a6c7-46ad-b888-6056779f611b,915a6ab5-c939-4b31-9a31-8d8dcf98b9aa,2025-01-01,5360,502,84
2215465c-7e34-4445-96f2-c021b4ec6769,0a6270c2-898f-4042-95c4-25057d3bdcb2,2025-01-01,3873,652,21
6740f38c-dcb3-4370-8317-2baa4f00e9e5,a0dbddec-a64a-4a31-b396-f1ffd24021fb,2025-01-01,1761,176,48
7025833c-0218-46f2-ac8a-978a6107afb3,aeffcc7d-e5be-4c38-80dc-01eb98f6fd96,2025-01-01,3103,72,67
cb5feae3-512e-4c71-8a26-bcefbf0774b9,0d119702-e885-4dea-934d-1ab38725ba0f,2025-01-01,1212,126,36
0b685189-327f-4926-b3be-3ff68a4fbdae,caa375e8-be80-45d5-ab34-24ebc3d00b13,2025-01-01,1997,398,97
a424dce7-ec60-4dbb-8956-83ef96d5356c,debf84bf-0fa9-48cd-b9df-55b588efead5,2025-01-01,1022,230,52
88c6f7c4-4d6e-4716-9a26-58d2ec16b7b7,0a992c2b-6da6-495e-a615-30bdf7a59f13,2025-01-01,4842,329,33
75ae7d2b-852a-482f-a1a8-388cbaf05810,e7b3c8ee-19f6-4f0b-82b2-e88e8034a988,2025-01-01,8856,210,51
defd5180-8695-427e-9bca-305fe9d88d55,0181eb7f-5423-417c-937c-ab69fc3636b9,2025-01-01,6477,337,33
16689de9-d3bd-4005-9464-71c48e6d4f60,76c338d5-e2d5-4436-8b70-7101632428cf,2025-01-01,2362,39,99
b5ace7bd-fba5-4974-a5bf-df6ca4264d5e,6c9b2285-dc44-467b-9b48-98ca1b706272,2025-01-01,8829,416,49
a3544915-0ac3-4f77-b090-e29c4f0eb4e6,20f7475d-fd38-42a3-8ac3-6550f694889a,2025-01-01,3558,360,52
415a5a6d-2052-4158-9146-bbca344a526e,30343466-e080-417e-a943-24c1f1a4d7ec,2025-01-01,5353,997,19
02d148e9-7069-4b7a-a855-45b689cf80cf,88062b56-cf2d-403b-a8f0-da5f5dbff738,2025-01-01,322,969,27
e4522288-b217-4e58-9169-71bd9e517fd1,fe1bdf52-58cd-4411-ae95-c65ff665a631,2025-01-01,3877,683,37
227e9644-5386-44f2-9d5b-0f09c773b2c1,4cafcfae-fae0-4a04-9477-4a638b7b6192,2025-01-01,7200,549,42
f4a71fab-94a2-4c12-a510-f6b4544af983,7dce6d73-edcc-4464-913c-5cba3b103e18,2025-01-01,8406,50,78
a1a46012-92ca-432d-b40b-3600c8f582c9,4fec3222-cbc3-46db-ae02-6f808343b379,2025-01-01,2563,936,11
910db597-b285-4262-a561-596285368a9e,dc625079-99ca-4d02-8e0b-659a70747a37,2025-01-01,8566,522,28
e2647ee0-9527-4c7f-9abc-b79b77442da4,fcf38d06-c07c-4cb6-bc81-55c823bc86cf,2025-01-01,8693,160,11
32afa94a-def5-4a81-836a-0871f8868836,4e8d44bc-2909-44c3-9cde-7e5fb16d4716,2025-01-01,6434,637,94
059a6769-f5ce-40c1-ac9b-3165e75434d3,5f082dbc-c0f4-4b12-8a4a-ee16ccf5db49,2025-01-01,8672,955,58
5fe86f37-3fc7-4a0f-9d7f-88b7103cbf1d,47101d29-9f8a-4854-89f7-644e3308776e,2025-01-01,8435,92,59
004cee1f-cf4b-4f90-a54d-68a3a2f85174,8456bcef-690a-403a-b14a-e16c375a0005,2025-01-01,9205,5,23
665eeaff-5ee5-4aa2-b66c-2702e9d6fb8f,d736cf4e-bf76-4cc3-996c-8db1de150ed5,2025-01-01,9699,54,14
3ee13a38-017a-413b-a00c-c925872f89de,c9666602-3b31-45a3-a19b-61365fe80936,2025-01-01,785,106,57
2c990262-bd78-45e4-931d-29d39b00863f,ec47b4bb-4fc7-472d-89e8-47804fa8e612,2025-01-01,5657,954,19
97cbe2fb-219c-4503-9c31-6f6368f97ea9,59277166-0596-4bd7-8aa0-b1df5aeaa255,2025-01-01,9254,81,22
0aaf8027-1d72-4e57-b50b-eb17423923f3,33dcdb93-1c96-45e0-9770-1ff8048159f3,2025-01-01,7829,494,14
859d90a4-5eb1-4a45-b245-4c02a2cb59b2,d0f95245-968d-495e-a740-e0632f5f234a,2025-01-01,2084,475,2
1b253ba4-6550-41f0-aad0-e314ed8d8344,8f935be5-13c0-4d1f-bcd6-6c98b882ec74,2025-01-01,5714,366,17
728fe43d-3f74-43f6-b196-74743174fb05,90859dc5-f7c5-43af-9db9-3a4d84bb19f9,2025-01-01,4414,726,18
3ef92fd8-ea6c-4d6b-add2-b1de51ab36c4,f1c9a543-696d-44ef-960f-b52249d21ad3,2025-01-01,3638,449,60
916c8ff8-80f2-49c1-84c1-d2885a52ff3a,0181eb7f-5423-417c-937c-ab69fc3636b9,2025-01-01,4224,54,28
b575b129-1b4a-4c93-9ab5-7b8c24beef1f,c8e77a06-25d9-41ac-b889-2c764930d5da,2025-01-01,4833,331,83
d0fba354-d338-4823-9b54-bfdfb56937bf,a750a23b-85b6-43c4-9566-09e84e918886,2025-01-01,7596,930,44
a6dc713f-a439-4056-8b3e-3099a83a7115,6050ae2d-9d6a-40b7-b782-fd365a022100,2025-01-01,8754,221,89
0dd7263d-7a92-4395-a3d7-51bdd88280e1,93a48a13-d889-430e-9475-4766a64432d1,2025-01-01,9353,400,69
1bb7200f-b4dc-45ac-9210-197e7c7878f9,ff2ad219-d953-48f2-80a6-b4a5405cb509,2025-01-01,9267,922,16
4a862292-ad3c-4e95-a794-6a9fc6c08692,586d2bf3-4330-458a-99e4-64ee921d9a30,2025-01-01,4557,616,52
cadce33b-0e41-4a30-bc08-da955adfe6bb,3219cc8c-7eac-4963-9ed0-b3282a6cb86f,2025-01-01,9017,887,24
6065ce0a-a5a3-4852-ae74-de9707b0c814,bf9d0e48-c136-4ecf-be3e-c8b5af25d458,2025-01-01,8823,824,90
3741ffe8-5a7d-4d20-aefd-75496cbc741d,9e15e58b-7b78-409f-8b0a-989f5d350967,2025-01-01,4681,427,81
e43347cd-8ce6-4ca9-ac0d-d260ae37d6bd,d02e0b75-bd26-497e-a63b-3506752fb01d,2025-01-01,1730,636,0
3ee87e27-dab1-454a-b4cb-9905e8bafbed,0d119702-e885-4dea-934d-1ab38725ba0f,2025-01-01,7105,876,23
8bc20ed5-2fb3-4334-8bfc-31a2c9297b9f,87ea8902-312e-4889-94bf-591b8e60392a,2025-01-01,3035,540,24
34d2480d-f78a-41cc-9254-52f37d1e16ff,c9666602-3b31-45a3-a19b-61365fe80936,2025-01-01,4207,159,50
450ae1f6-9e2f-45ad-9a42-a7a58bc52b1d,777552bc-17a4-4220-8537-225866121db0,2025-01-01,5996,976,75
356620b8-ea1e-45e2-995b-e3216736891c,8b1c4024-1bf4-4287-a8b5-f86c0eb7248c,2025-01-01,763,363,73
0b180f16-eef7-49be-a452-838918c66d83,84a659cb-9f67-4415-a927-5904715df32d,2025-01-01,5853,522,3
86d8c77e-4d95-4235-bdea-f060ba921c15,46063565-a3ac-47b4-a636-709751923d17,2025-01-01,7062,985,46
7c2a1e30-a995-49d1-9ce0-41eb0ae4e56b,8b894b28-855a-4271-bf5c-69733cb58b28,2025-01-01,3909,529,86
c556e265-9127-446b-9f67-4850642004d4,11123104-0689-4fc4-880d-792fcba677d6,2025-01-01,7729,334,74
c422b761-d174-4a66-939f-94dc870600f1,796d0989-10f2-448e-a2e0-d3c7ca228af6,2025-01-01,3957,339,58
0b0d97d3-a77a-4649-999e-fa4d479f06bc,a3eb895d-40f9-423c-aabe-9b3826bdff3c,2025-01-01,1187,402,18
f66bd305-9e8c-4d04-955b-30dbbf29b56a,56705c38-be7d-4b0d-b63f-a293b1741bab,2025-01-01,1196,820,4
cf2ac92b-0114-46e0-966d-6104bd1bdb1e,fcef3f8d-ebbb-46e5-8f89-d737a9ef46e7,2025-01-01,5790,131,60
f37cba34-f120-4801-bcb3-27ec42c4b12b,002241dd-4afb-42cc-ab4c-fe99033aef33,2025-01-01,6306,511,51
00ad114c-166f-416a-a1fe-914b1b701abf,518ce431-0a92-4b5c-90ff-a28f8cc3e623,2025-01-01,9914,892,55
c820e368-48aa-46b8-8283-02233821deac,d02e0b75-bd26-497e-a63b-3506752fb01d,2025-01-01,4731,238,8
a975c3ef-b8e1-44fd-a099-c5dc116221d2,ffa7859b-9197-4a98-bdd0-c27dfe812a5a,2025-01-01,5253,881,63
8a9351ba-4896-45a6-80e1-97380f6e9273,aeffcc7d-e5be-4c38-80dc-01eb98f6fd96,2025-01-01,6233,78,23
794c48da-766e-44e1-8863-b783869a4ecc,b99e18b3-a1a0-4ffc-8484-3fafb0fd7d05,2025-01-01,4775,774,75
5772214b-cc9d-4306-bf85-8b3779307ce3,350f1fc8-11cd-4b22-a3e6-0d4d23d83667,2025-01-01,1952,84,97
85d37818-04fa-4548-965f-f8affba1487f,993fa60b-ecaf-464f-a754-8194c2e75847,2025-01-01,5627,615,48
76ca7863-d44c-41b1-b416-5656584c2118,0e421541-6f97-45ae-913e-083209088120,2025-01-01,5926,782,34
5e88ed56-5b23-4a94-beb9-5c6538b27731,46ff9460-ea3e-476e-901d-60b99bc57c8b,2025-01-01,892,977,75
32cb0bae-055e-4e23-b9bf-2e7f1eda302a,edf0cbf9-f66f-4cec-a28e-244efbf7a01a,2025-01-01,4036,192,99
cc925090-117a-4d29-99ba-c7e98e503518,8d5edca6-a871-4517-ab05-3516d5f08ba7,2025-01-01,9391,44,15
574fffe2-5c68-4eb9-94c1-cbaaaf943b25,0577c43a-1b91-44dd-b531-e2adafa9ac8f,2025-01-01,3751,813,38
ebaa438f-6342-4518-8fc2-866caec975ed,6050ae2d-9d6a-40b7-b782-fd365a022100,2025-01-01,1513,580,98
fc4c1441-a7ec-4699-b315-3666ae49dfbd,ae160ce4-d294-46f0-8284-ca02ae64df5f,2025-01-01,2265,192,94
2010d0d6-8dc7-4742-a666-d7bc2d0c6fa9,0d119702-e885-4dea-934d-1ab38725ba0f,2025-01-01,7541,681,33
e07c9976-cb41-40d7-8390-5e1054f92552,47c24d6c-3948-492c-b733-03fbe2dde8ec,2025-01-01,562,799,40
1ea3fdb4-5d09-4ba7-bca2-2af27a35f3b6,09f9478a-1ef5-4d81-918f-43e96ae629a0,2025-01-01,1366,366,7
8bad0b6a-af39-40dc-b080-4a1e6086f734,b3853a75-9ce9-409b-a376-c415766a0128,2025-01-01,8237,551,49
7f747584-d537-4a9f-b555-8b0781383700,8ec0c796-1dc7-4ac3-ac22-4f3cdaed07df,2025-01-01,3256,832,70
fc9c82e3-84b6-406f-a6f1-8b6a98939763,3132a089-2ba1-4696-bb99-9ad7beb39f55,2025-01-01,6482,369,51
6704fe1d-5bc9-4efe-b417-a1feaa2397ec,935ee0e2-d86a-4054-a3b5-02aa2770415a,2025-01-01,1923,203,2
fe91061b-9ff7-414c-8056-54de1d0db321,f001db63-1cd3-4d9b-b47c-18ae3deeaf2b,2025-01-01,4625,887,52
d202b3ef-c6a9-4c0b-9451-b2f5089ced88,990e6a2b-a293-4fb0-8810-6d2c67d29149,2025-01-01,8031,115,70
ea0c7101-d514-4a27-bbc8-a955810b5b95,a9c505be-f337-42a2-b238-5d68460e8337,2025-01-01,2385,193,84
0f9f0162-c4d0-4e03-8c40-02d91b964e99,dce31788-33cd-4f6b-81f7-b654dfe1749b,2025-01-01,5910,717,30
136eb57a-db2f-4f73-919e-6c3df7a91c85,84a659cb-9f67-4415-a927-5904715df32d,2025-01-01,1281,161,77
917f433e-087a-4a9a-93ac-9b491565be48,547c16cf-9597-478e-b46f-2fefac469736,2025-01-01,7286,533,12
5b2c7596-5ce7-4865-8aac-7b82aa979402,dd09673b-a759-431b-9f7f-02faef8d8c74,2025-01-01,1113,396,77
518fe9b0-11fc-4e7c-b385-0d1a09f1697e,fe1bdf52-58cd-4411-ae95-c65ff665a631,2025-01-01,606,113,4
6bf915f8-3dd3-4ba6-8b75-9aa306e2d067,6c9b2285-dc44-467b-9b48-98ca1b706272,2025-01-01,841,879,0
d7e8633e-247e-410e-b1c5-3eb86c695a4a,c805ed4e-b23a-4764-8eac-01a6eb89ec9e,2025-01-01,5585,593,68
fa67a321-a8f2-4352-aebb-57b675abd1dc,959d815d-bfbc-4f68-9405-f8d8eea87095,2025-01-01,7902,884,36
a6254c6c-57b0-46ff-a7b9-4ca595b1e544,8f935be5-13c0-4d1f-bcd6-6c98b882ec74,2025-01-01,5893,544,94
64190dfd-e4b1-404b-b95b-5aa163335c29,1b713fb1-a7a2-47be-8ef5-34bca98d9494,2025-01-01,3667,353,30
f18b4e3c-708c-40b1-8618-43be8d3e2426,94b15b98-9e2e-41b6-ad39-8b7ba53b096b,2025-01-01,2459,1,40
3c6331d3-69fb-4db4-b224-b7449d61c6b0,7eacb4ed-7d9a-4830-aadb-4466b1ce846e,2025-01-01,8473,21,38
0f00dc4a-e9fb-4234-a788-8313f43f8871,6c7c0a46-ef0b-44eb-a362-0b74c6c133b9,2025-01-01,5230,112,79
ddabd46f-ca17-4c97-bc70-9c4d000b5c13,a4699779-a098-4753-b7ec-2ba4a83e7e29,2025-01-01,8582,658,52
ddd1ac68-665a-48bc-ad57-c04b310468db,09c5f405-fd4c-4a45-821b-724eb8ebdef5,2025-01-01,5921,316,81
16381d74-440a-4926-a1e5-c8d1c2fee9d6,ba87e769-be70-4814-83d6-4701f971a7b0,2025-01-01,9922,929,26
78a8b0a0-590b-4dde-aeb8-3b5e795babd7,bc8dab6e-0bcd-405b-bab2-4a8e88cd876a,2025-01-01,5001,335,49
3555dd82-0088-4461-a7ad-c998347eb201,8bdef72f-e5f8-47b1-8b4e-bf2c6fca9aaa,2025-01-01,5045,417,63
bb3dc276-c6a3-4878-8e87-fa82e46fb449,ca1ffb06-fe26-47e3-ad4e-fc8026e7f5e8,2025-01-01,8829,264,47
5c6d6b76-9eed-423c-b445-205da5a44d82,c9be25d9-5084-4473-b995-0d1f5a55104e,2025-01-01,1644,988,49
e1dfb2e8-bd3e-431c-9980-0432a64fa2fc,4472dd7c-c84c-4b28-ad87-dfdedb533042,2025-01-01,7992,682,63
438f66cf-6baa-4dbb-8cc6-605478e26860,e0e8d597-c20b-4350-9e23-e545a3c5d317,2025-01-01,4660,904,21
8488f2f9-125b-4491-9806-a7363b297c00,0910c623-1eff-45f2-be93-e4b618cc64ee,2025-01-01,9547,726,91
d33e968f-5979-4203-8271-7b7e6af3cdd6,85658a77-6132-43a7-9dc6-ce159a75dd1f,2025-01-01,2381,43,32
f10419db-121b-47a8-8860-3ee7102066b1,d7b43af4-912e-4116-ab7b-55f5f88f07dd,2025-01-01,3283,522,64
c16aabdf-82c6-4ed0-828d-12971c86ff39,9d77346c-54b0-4484-b7cb-e4f12e174116,2025-01-01,1166,496,12
9c54d59b-9e07-4f84-ac36-7b1820420094,5a63e691-1518-4a8d-8ec8-951275fcae88,2025-01-01,3877,545,0
e34d8ec0-698c-48ce-baf7-c2681aaa0263,b6e129af-fb1d-4839-b1a4-568a5ec2ffe5,2025-01-01,7564,511,78
abcd7816-a582-43c0-bc04-7aec1c879c41,230723ca-029a-49e3-b308-a743d4585b94,2025-01-01,8804,101,55
0395cb3a-dcf3-4e4f-b7c1-fcf7621e4ccf,e6d6344e-debd-4788-a203-aece2a89ce3e,2025-01-01,6405,851,35
02e12c18-d699-46f5-97bf-e7d215c93906,d3df1ad0-1fa0-4bd3-9ea0-59d36db80e4f,2025-01-01,2830,220,28
c759fb92-3bdf-4d62-8082-69c5f42cfc87,082c6509-ae70-4c6e-9c75-9ce3f083f581,2025-01-01,4718,101,2
55f435f2-154c-431b-90ad-a6abe063fd76,9d876a1d-c3e4-4125-9980-641ca43c095e,2025-01-01,944,623,42
e4839294-a938-4026-9e13-7b5baf94a204,afd518f8-366a-45cb-b296-97a2eae9cfaf,2025-01-01,7571,639,29
b1c84c71-72ec-43f9-bbfe-85623bfdb1a3,95d9e69c-258e-42f5-ad30-7e51bd0809a9,2025-01-01,7966,784,79
2f8e1590-f54a-4fba-aea9-27a91ef50d8d,3e9cff11-3beb-40e0-aca0-1898e8225cca,2025-01-01,424,168,11
c5c764e2-20a6-4ac6-996a-ed379ed9dfb3,3e63a157-68da-453d-9ade-6e6e0f3b6217,2025-01-01,2548,527,75
c4b83784-2a4a-42d7-a20a-1520c1198d6b,4f7af75f-e550-447e-bf6a-dbf8bb394ad2,2025-01-01,7566,775,69
e99f46f0-cd6e-486c-b1cf-ba109125e20c,fd49f361-ed20-4693-b39d-2438187341f1,2025-01-01,7817,347,50
2efe7795-81f1-46db-8ed5-72a6a1aade7b,f7d12d27-d34d-4871-9ebd-5d25aa83a81f,2025-01-01,6968,97,77
3af28d54-4429-463c-92df-a750aa4c4347,c8e77a06-25d9-41ac-b889-2c764930d5da,2025-01-01,8625,734,27
5ee5aa4d-b10d-44f9-8f0d-3b4d68831b93,02a735c3-cd4e-43d9-94e2-29c21f3075db,2025-01-01,958,579,7
6963c7d9-2958-4f26-ba3a-d6019bda83e9,11833a25-03d4-470f-8327-9dd93f76fb72,2025-01-01,2513,727,56
3755dfcd-654c-4d22-a171-45ae9d79b379,e8565799-73e0-4609-9ebc-2f0917061ff9,2025-01-01,9706,74,90
ebc0e73f-2033-4135-8ad9-f3b04fff2a57,e5848e67-7f43-4119-bf0a-e19c90d2f183,2025-01-01,6913,232,12
4b28f918-c523-47c5-ac97-bfc400fb021d,0fcc8520-f5ce-48fe-b7f6-09b56220b3ad,2025-01-01,2975,46,16
e536ed6e-1b5c-499f-a7b2-416b3cd3092f,f4269db2-909a-444e-9d2e-7fd7463b3f0d,2025-01-01,4533,480,50
2ce680b9-dd4e-48a0-a595-58e1d51bbeb1,245913f9-5585-4701-98cf-df701462ae70,2025-01-01,1689,466,82
d1f837a0-9818-4dd4-b7e3-1ae555863749,0282fb1f-8cee-44d2-9a13-164de0b93daa,2025-01-01,7512,648,19
875638a3-9285-4e25-bf8f-1b2e0ea9e8d7,4fec3222-cbc3-46db-ae02-6f808343b379,2025-01-01,5170,384,57
f83d4156-b677-4dc0-8d3d-8f10c65895a9,993fa60b-ecaf-464f-a754-8194c2e75847,2025-01-01,9952,668,94
0dd710b7-2139-42d3-b696-f24b3d235c29,6d1e0ca9-8c65-4419-8340-1cae89dff2fc,2025-01-01,1032,611,71
dfa3a236-327f-4df2-a829-f6f0df20fb0c,d05fec7d-7cdd-42dd-ba65-74096a37e50f,2025-01-01,1391,802,46
d7701061-c9eb-48d0-b705-12386f901a03,9057d7f0-2be1-4f3d-ad4a-986ba6f121f0,2025-01-01,7308,777,90
baca0735-9e3c-43bf-8fde-bc2dac44c7ca,8d52de8a-5e15-4ce8-bb14-220210e08dea,2025-01-01,7228,935,73
c2ee4ca6-8612-4b66-9df7-7f3504b482a6,e0da9b11-1ac3-4bb2-a511-84b4549afa20,2025-01-01,2778,449,26
9140fc7e-8c65-4f6f-808f-7484d92a7444,1cf80a49-16ac-43ca-ab50-fa33cb1b790a,2025-01-01,9821,61,88
a4a85269-5a3b-462d-a36d-cfa681e79533,4ea486e8-fd26-4728-bca0-6518d1c1d167,2025-01-01,2337,457,79
6fa385e4-701a-4763-9c8d-9ee9eeb5ceb6,7654a671-017d-4859-b01e-15d136d6289b,2025-01-01,2522,540,61
04d32f8e-81ce-45c3-b50b-5040a872e189,dcd41bd6-bc45-4f45-8784-d6adc96c417d,2025-01-01,4316,827,17
679f8f8d-5c09-4172-85cf-729f0bbe3cb6,1586c1cb-dba5-40fd-b228-35e0f4a2e137,2025-01-01,5436,328,62
39c774cf-7621-46db-b290-ca78f8254f95,c5d47363-8ce5-4291-b5fe-a929281a5eef,2025-01-01,3191,811,56
225f0dc2-cf09-45f9-b06e-9bf7d7905314,a4473dfd-6207-4d83-bada-40e2fc26d689,2025-01-01,9006,711,25
ce9357c8-f872-4691-b33a-4c2748b528e6,6c7c0a46-ef0b-44eb-a362-0b74c6c133b9,2025-01-01,3473,935,24
c9fdc8b4-cc19-4488-947f-13c1b5636e8a,154f15eb-d4b2-4b62-8088-90920093ceec,2025-01-01,8533,21,34
72802188-5363-4bfa-995f-42d6bf69cc94,e5f33d34-6eba-4421-92b4-30cb705a5b31,2025-01-01,6169,253,12
b1bc34a9-39bf-4dc4-a132-9481b4937969,a0f2a71c-8e64-4f7b-b50e-eaea149ab5af,2025-01-01,8671,81,45
7ba7bd0c-68cb-4e28-affc-da38cdfb345b,531277b9-b884-46a4-b46b-76fc50b4894e,2025-01-01,6800,272,59
d9b4d779-0200-488d-9aa0-b5f462bb0724,88062b56-cf2d-403b-a8f0-da5f5dbff738,2025-01-01,6597,630,46
199678cd-c8f3-41df-9104-8032cf22ff58,401b8e61-4026-44f7-a3b3-510296543b1e,2025-01-01,70,58,80
a49fba74-4ae2-4153-98e9-25dc59a58079,1c3434ee-d79b-4cda-a563-0e21ed9cbf0e,2025-01-01,7079,665,6
5d4a1d35-8c6b-4369-91a4-ff90daeed6a9,65734054-5d12-4a86-a498-6f00c3248945,2025-01-01,356,768,5
3e1ed324-d3f0-4308-90c3-d77c3d238a0b,ae160ce4-d294-46f0-8284-ca02ae64df5f,2025-01-01,5322,627,81
254bdb58-65f0-45b8-afe1-4ad4199d7cbc,d1630440-b72c-487e-b308-d3b36cfa2bf5,2025-01-01,8428,591,35
2c4da249-cdeb-40c5-af0f-7ba2d20a8baf,9c2b07fa-89aa-4108-b98b-e0a58c297344,2025-01-01,4738,262,82
f23142bf-23e1-4f75-8c65-08546300f7e1,d8646a76-087a-4b11-8307-6eea30c07d23,2025-01-01,9542,390,0
12a74638-5d7a-4524-8f7d-362bb3cbffdc,ae97aeae-1c46-4494-9eef-6e40cbc9dbc8,2025-01-01,6249,155,33
664d934c-16ec-4f06-9178-0e4144e6912a,725367a2-a011-4b5d-902a-10970e6b3f95,2025-01-01,4460,206,31
e90667c4-ee13-4a9b-8e77-1d5ebee720b6,fe844fd1-ed65-4a2a-8044-63769a52a973,2025-01-01,8748,498,10
c7dec16b-657f-4f26-b16f-b70105ef8748,82ea7efb-dd18-42cd-a4e3-9e2f4519beb5,2025-01-01,9435,457,8
7dc6bd7a-dc6b-4b70-a19f-5d2c5f5ef6bd,c5d47363-8ce5-4291-b5fe-a929281a5eef,2025-01-01,1260,250,51
958ab6f6-a428-478d-a54d-b135a34be0bf,b75e26a3-bd47-4b41-b528-6e850a3aa70f,2025-01-01,9749,230,31
2dbf45e6-2469-45cf-84ac-21c18f319080,7dce6d73-edcc-4464-913c-5cba3b103e18,2025-01-01,2895,846,42
52ec7ff1-20e3-447b-877b-f254542414c3,7907cb9b-0b7b-42c1-a49f-e28cba388882,2025-01-01,4259,666,33
5a5b2f16-815b-4e52-861c-5ef71d04f29d,3b89889c-dea8-4a14-97af-70b994f74c11,2025-01-01,1555,220,41
b8703742-6f19-40b3-b347-63788a9902b3,b3853a75-9ce9-409b-a376-c415766a0128,2025-01-01,4747,802,73
e0976fab-c91e-4b48-8873-ff8a8b29ee53,a7bdf035-3d23-4837-80fe-20f5f80f4371,2025-01-01,7022,426,22
83882612-0e9c-4e98-ad81-c64bbc668030,f3181698-6a32-4159-8315-139765d676cf,2025-01-01,9927,410,18
8ca62adb-1f7b-4f0e-9053-cc9577c7b318,01f9f4cf-d342-48f1-9170-4b9952c404d1,2025-01-01,3685,71,77
9c97ac53-fcf4-4988-bcf0-2090f38a8ddc,db21a562-b49e-4b47-a77d-2e1383869810,2025-01-01,4891,934,35
5f794abd-dc97-451d-8aa2-e4921d931dde,3dc4d808-882d-4eba-a666-54de9a4390cf,2025-01-01,1542,914,10
db2f5e0e-b614-48b0-a1d9-d71cb8859a91,552b2643-4e4c-4a77-886e-17010de58edc,2025-01-01,2276,983,94
dc3c1683-0346-48cf-8367-6b3b713a7e7c,a731301c-56cb-4409-a4da-9aed7f6ecfb6,2025-01-01,752,46,49
7fd75c2a-a247-4a95-b901-c7f486ea0566,255d05dd-46b6-4f47-ba35-2cb8adff852f,2025-01-01,5299,365,5
8f21fd11-6793-4755-b023-ca9404eca4bb,9d92b773-a7c2-4ac0-a4e1-f47b1fa9ef34,2025-01-01,8642,545,14
949dace2-d91e-4306-b6c4-c4d989db621b,70f81222-e4c8-4f93-855e-0ea68d1beaee,2025-01-01,8060,146,81
eab5a214-04d5-4643-97bb-64683eafa456,5e4613fc-b0e9-4004-b467-12f3ca31289f,2025-01-01,4471,737,24
0612be42-b24c-42f1-93c2-e6f348e79c37,8bd1d385-c652-4689-9239-5fb3a21dcdde,2025-01-01,473,933,33
3a2d64ab-279d-46cc-964b-e1eda597a668,dc438e54-6408-4910-bdcc-a283e1644042,2025-01-01,9063,878,39
30eaf149-1d58-4d3a-88f5-ba30e14a057f,0e406f0a-9d32-4d5f-9a5c-d7e0f2f64995,2025-01-01,8653,828,71
b230e56e-0c1f-45af-820f-e557635df4c6,ae3654a1-b458-4ee3-b256-2f1339e07d32,2025-01-01,1794,898,74
5cd1bce9-2081-4ace-9fad-34923ad9dd95,59277166-0596-4bd7-8aa0-b1df5aeaa255,2025-01-01,355,230,30
da659eb3-b015-4bb8-98c9-c94e7d1da126,f313355b-0da7-4d6a-b0b6-7f31a47dea02,2025-01-01,7877,501,22
22a4eb42-ad3d-425d-b8f6-5e12b2a635c8,241591b5-5d62-496f-a469-1879aac6e98b,2025-01-01,2371,889,65
eed8c926-8b13-45a4-8b61-a7b07ac81224,44804f65-064a-4e16-b835-227453ebe0b3,2025-01-01,2566,429,12
8af66eff-90bd-40a4-96cb-ad57c7f3f42d,8530914e-b31d-4774-a9bb-a153e6e29136,2025-01-01,2031,806,1
f42ea1c7-a8e2-4b3b-8e76-e793cd800e4a,ca8ab063-c586-4cc6-9a0a-ebd3a8c48044,2025-01-01,1382,164,74
ca9d0e7e-db51-432d-9ad8-bbc36f5b5243,76e277e0-6d84-4ee0-b9ce-7d7782bedf0e,2025-01-01,2837,799,24
b2389733-65c2-4258-ae24-b6aec1c97cbb,f231724c-1e94-4719-8a1b-fba5ea0030d8,2025-01-01,4089,651,18
2302fcd9-e147-4fc4-9440-957b72902bdb,959d815d-bfbc-4f68-9405-f8d8eea87095,2025-01-01,3133,42,23
31535ce6-f67d-4c6e-b181-7929aeea04c5,0134746b-638b-4522-a0c2-f1b2efb9e162,2025-01-01,8196,336,81
adf29373-cb98-4f12-a07d-f481e7d0f3fe,6e05649a-837c-4931-a52f-f32b332c686e,2025-01-01,3713,900,47
fbd9f90e-9cdc-4cac-84d9-e5744bc37f08,7907cb9b-0b7b-42c1-a49f-e28cba388882,2025-01-01,6055,139,45
b4462d8e-6904-4ac7-8fb3-ba30b93a9498,1a822132-adc2-4e40-8932-2ff7ee571089,2025-01-01,2732,453,60
c3e96205-a91e-41ae-a2ec-52e245aafcef,4fc65727-2298-444e-be59-1f329a107b3a,2025-01-01,883,861,89
76a04b7c-8dcb-4777-b2d3-0b25c6a1e4f4,3f3f9d4e-42d2-43f5-985f-d6e87341b630,2025-01-01,196,304,54
ad092e73-e551-4358-b84f-e3cacfa85c08,a3d359f9-1e37-44b4-99b0-b3c6f94d1c48,2025-01-01,2435,401,68
fa00b6a0-1129-4db3-9848-d0819048f902,7923beb4-9326-47aa-b17b-3f600acee05f,2025-01-01,3095,654,61
abd55ca2-7591-466b-8c52-a506c9b08bb7,45041e05-cb56-4cf2-a678-5f1a0f86e24c,2025-01-01,4192,864,64
b84fa49c-09a1-4df8-a863-589d0953ce30,748566e2-cce5-42a0-8442-7b9d05223477,2025-01-01,1777,54,83
6068fd53-3f08-4c8f-9676-a4506655f94a,c5e82465-6ae3-450e-82a0-cfcc8fd6ac7c,2025-01-01,6741,276,40
dd5838c3-0cd3-45ce-946b-52b21a80c126,4e8d44bc-2909-44c3-9cde-7e5fb16d4716,2025-01-01,4075,15,64
1da6d1da-7e05-49f3-864c-fe16c8231255,f135b887-6f46-4e92-aee0-d14ed168d0e0,2025-01-01,1448,722,3
27d14077-881d-4bd1-81b0-be2825dd9313,74dae471-3fc2-4cd0-a83f-13bf0a818667,2025-01-01,9466,806,78
cf31e379-d3b7-4902-a354-5c8d8f706328,76a863eb-c525-495e-9aa3-bd776496e99c,2025-01-01,7178,537,17
237bf6ca-b703-475f-acd0-0f1de7d95d95,2aba2158-51d7-4e85-a56c-564e81f7b517,2025-01-01,1440,971,30
c2e2f699-3b23-434d-8b1b-b4d3aa803cc2,70f81222-e4c8-4f93-855e-0ea68d1beaee,2025-01-01,8520,733,94
efae1de8-1bf3-46ff-9156-0d20c31ca434,d8459435-42c3-48bd-9097-06a3c3d9cc87,2025-01-01,8117,6,46
a1981bc3-6897-4aa3-a6b1-85962a7ddad4,656ac2d5-21c9-42a1-8236-f2df7cb8b92e,2025-01-01,5490,826,67
43a0210a-8dab-490c-844f-f25ecdb2c92c,46063565-a3ac-47b4-a636-709751923d17,2025-01-01,6796,724,1
80b2a5a4-98e4-46e1-8a74-b93d6a935df5,1cf80a49-16ac-43ca-ab50-fa33cb1b790a,2025-01-01,3061,164,44
d040086e-4823-4f33-88ae-348801d7f031,0a992c2b-6da6-495e-a615-30bdf7a59f13,2025-01-01,5331,227,61
4703539f-72f7-4370-97c7-ffa3a857aee6,d979c3c6-d1f5-4610-967a-8eb94e20a94c,2025-01-01,4943,39,90
896a34c1-3449-4556-8d05-c24f80ca9174,55210604-28ff-43f1-8c5e-e0ccd7d597d6,2025-01-01,7800,80,43
a02d790a-d3e2-4213-b439-586ba94845d5,f8231252-2816-418c-b529-3026cb46c3bb,2025-01-01,679,763,25
1b72b1e4-40c7-4d80-ad76-b59839d6cc31,ae3654a1-b458-4ee3-b256-2f1339e07d32,2025-01-01,7496,178,28
b1e5378c-7cd2-4f56-a601-211384ae64d8,bf9d0e48-c136-4ecf-be3e-c8b5af25d458,2025-01-01,7054,727,62
137c28d6-e74a-41c2-93a6-1de44f4d5b5e,b75e26a3-bd47-4b41-b528-6e850a3aa70f,2025-01-01,9412,155,74
6920ac77-913e-4b7c-8cba-c4108cd8b674,681d7b7e-a9b4-4349-ab3c-9d8318032007,2025-01-01,4302,0,50
8df693ba-1204-495e-ac71-f35fbcda0e58,de8a7fd4-352e-40d8-a256-4734c0254241,2025-01-01,2349,332,44
1d59165b-0022-4628-b576-08d3d811e003,57d3292a-db62-4df8-8601-28667543dfb3,2025-01-01,5248,234,64
2b40e560-4088-4df8-b945-772a80514667,37ffe8de-dca7-4b77-996f-341cbb8d340a,2025-01-01,118,111,29
df8bb6ad-8d9e-4ab0-a296-c90c455e4bcf,9da7059b-af79-4a8d-926e-e6f34e625cbf,2025-01-01,3106,320,65
117f2e45-94f2-443c-9375-0e3ac6e43cda,d50c5c36-43f3-4f45-b8c6-f7a635f5e081,2025-01-01,853,679,2
7c1ef082-84ad-4939-9a4f-141efbacb2c5,a3eb895d-40f9-423c-aabe-9b3826bdff3c,2025-01-01,9981,321,23
3ad266d1-fcd7-4b2e-8405-fefa415a39d1,5522b138-e60d-4205-897c-1a2ecd5f1310,2025-01-01,1689,69,95
3797a544-6acb-45c6-806a-1b2b901f0d87,a6a4c7a1-630c-493b-9aef-e1cdc058eb54,2025-01-01,2123,222,56
bc51b395-581c-4158-a579-17a3c7eff89e,993fa60b-ecaf-464f-a754-8194c2e75847,2025-01-01,2586,760,5
4639d2b5-d447-45c3-a2a5-ec757c597ba7,d7b1ac3f-a0f0-4b7e-b046-3d0d4ffdc6ab,2025-01-01,843,494,51
d4d29d9a-8150-417b-91a6-235a1e6b8cb1,589d010f-985f-4f5d-b3b2-b7d6881386c2,2025-01-01,2808,467,81
7706bd1f-0fe6-4e5d-9552-94b95b9135a2,ea4a69ed-59c2-4d84-b930-6dc962fc00b2,2025-01-01,6672,430,29
f81839ee-65eb-4515-9f01-73207b477e0d,017f1542-c856-480a-ba7a-0669181327be,2025-01-01,3665,13,1
ffb3ced6-770e-483d-885a-12ed105b79ce,026d1698-47e7-4e64-bdad-54cb153bf5a8,2025-01-01,1995,91,19
120a10e6-573b-4d20-9543-4f4fef0e15a7,7cb8a350-704c-4842-8013-7c1c4a75cba1,2025-01-01,30,482,7
2461b04f-8f50-4e47-abbd-8374ee6d4b04,5e5981c3-7bab-4821-92cf-5487be2b1c13,2025-01-01,8075,6,31
f1633bd7-c4f0-485f-af49-3c0828dc6ac3,c260d3d5-ee8b-4f44-8359-2eeb6ae90261,2025-01-01,5149,698,24
def10350-edc7-48f3-a4a4-ab9753b33aeb,0634f46b-2531-4399-bf25-26f7fbb732af,2025-01-01,4695,983,10
2de11e8e-488d-4ed8-9f23-d4de93a6f880,ba87e769-be70-4814-83d6-4701f971a7b0,2025-01-01,5448,381,98
4538595e-c4f5-4f2a-81ab-10601a14dc54,408ff674-cc74-4356-a3b0-a7ed719134b9,2025-01-01,339,80,31
f76615dd-c694-4d63-8f7a-2cd7ad8aa737,bc545aad-2423-4bdd-903f-d3021d5f33c4,2025-01-01,4335,313,37
bf37c7d0-7d6c-4167-80f8-f70935e82bed,d50c5c36-43f3-4f45-b8c6-f7a635f5e081,2025-01-01,90,90,58
e69119ac-2a33-4f25-8aa3-6a438541569d,ec6e9df7-5112-4610-abab-954efc0d8cf2,2025-01-01,9784,838,19
5af32a79-9104-4287-bfd3-768b394cf6a8,4f7af75f-e550-447e-bf6a-dbf8bb394ad2,2025-01-01,8452,834,22
e1b1ff25-eec5-48a6-bdea-8292faf6ad9d,7b9d18c7-887a-45af-af8f-72bcac749070,2025-01-01,2375,314,49
e263b116-c3e6-4cfd-b07d-05a476592742,30343466-e080-417e-a943-24c1f1a4d7ec,2025-01-01,4255,70,26
752f5c52-fabb-444a-996d-8bf66dc5ae2b,f0fcbf1d-ff6f-4414-b9bc-5acb6f8e4159,2025-01-01,9889,750,91
be29f3ca-5cea-4c37-b853-a6d6f79b335d,c3f41931-03f7-4ac1-9e05-0494d4ddf7f0,2025-01-01,2716,944,43
593e1c30-89df-4b37-9a82-4f4f37935b02,5aab3c8f-bbc8-440e-b744-53130efc3941,2025-01-01,9310,606,94
ad44932c-a1b1-4f8f-ab84-3f7fc236c423,74981e41-0431-4a8f-a6d9-d65858382127,2025-01-01,1926,274,11
5a34c611-0ee1-484b-ad73-bcb23824cefc,a3d359f9-1e37-44b4-99b0-b3c6f94d1c48,2025-01-01,9244,154,45
eb77137f-0900-493b-9328-d82629d40c49,72cc668f-c349-4e0e-9795-d8cd5c9ddd5d,2025-01-01,2314,27,39
111e1aad-4284-41ac-a039-0e003838502d,e270eb4a-51fc-4b68-ad7c-5684303d93b6,2025-01-01,9738,202,45
56682781-0114-405e-b346-140b5c1bdd23,c5833dde-acf3-4abd-ac8c-c058f3019116,2025-01-01,6393,690,28
4c0720fb-64d6-4ea7-bc60-26630c4c11f4,c4369e95-3415-4b39-a50f-88f88c28d303,2025-01-01,2688,494,64
211a1852-74a9-4042-a152-e2b35d185d49,2aba2158-51d7-4e85-a56c-564e81f7b517,2025-01-01,7315,405,53
e787825d-de59-49b3-93c0-a3579a1cb1fe,eeddb257-3771-44c4-ade5-758cf6b46f88,2025-01-01,8885,698,81
164aef94-c9ec-4321-924c-499518cdbf7f,58ba8aac-5580-4014-b192-18e69c52fbd0,2025-01-01,5952,985,16
864079d0-9c61-4a45-b3fb-da64a937965a,412485af-3a3f-444b-9afd-70939627e7ae,2025-01-01,7325,162,56
d5efcef1-fe2a-4084-8fd2-c7c73ab7c6b4,779e8091-cb77-49e2-b0b7-f1a9682f03aa,2025-01-01,3071,686,69
80038f9a-4bf5-40d5-b70c-9a3cbc482f45,7745203c-0ea9-4605-b66a-52fb2479d3f8,2025-01-01,4076,878,13
7b98071c-487e-4a8c-8bff-143a3cd1828b,80250ae3-950b-491c-9350-bcbdac72f40c,2025-01-01,6244,710,4
00e767fb-5fcf-4a04-9823-61c70fb89582,5cc09399-4300-40d3-b018-382bb1d1980c,2025-01-01,1087,881,53
b94c4fe4-2d25-4d9a-b92d-5cf438d5059b,ca142b0c-1c7b-4dca-8aa3-8b1fc3db5cc1,2025-01-01,5566,208,60
13b11482-5c0a-4110-8cca-7303771de3ba,c0681431-2e66-4eb3-885b-213a256e18c8,2025-01-01,2842,989,24
5b24400b-b0fe-4fe7-af8e-94d214fb8cd0,88062b56-cf2d-403b-a8f0-da5f5dbff738,2025-01-01,9362,463,27
16082306-4656-4c84-9fa9-8b3e57ef426a,eeddb257-3771-44c4-ade5-758cf6b46f88,2025-01-01,4261,838,73
34c458aa-f7cd-487d-a969-9730cdaa29f1,a8ec983d-0ba6-4942-a674-9b0d09eef5b5,2025-01-01,636,478,57
1d765974-3373-473b-a95a-1aa462ec9477,b5e2a2a9-c296-4795-8052-9aa25678508c,2025-01-01,3998,461,43
f5b5e1ba-8012-4718-b413-05f4a7dd7dd1,f96d2cd5-4651-4360-bd62-82cb356637b4,2025-01-01,1046,225,68
ab1c91c2-2ae7-4ad7-adc2-1a82f78121d7,7eb8f151-a2d5-4e09-9e88-0afbe4703b9f,2025-01-01,2969,459,73
e2808168-c62f-4f06-a6da-0df9daa227a3,6c9b2285-dc44-467b-9b48-98ca1b706272,2025-01-01,895,492,26
71bb10cf-8c44-469b-995d-042b51f39936,3e8150b7-1666-40e8-b4ed-c4a92ff27e1c,2025-01-01,8714,145,88
a2bec553-1631-47a8-b7df-386993e54fb5,3d238e0a-aebe-4657-ad05-0a0a4899c2f0,2025-01-01,2856,144,98
122c79f4-d604-496b-8bdc-328c28394319,003fd03a-479c-454f-966c-6e44b3168656,2025-01-01,1733,573,84
e3666d9b-b7de-4899-a448-5eb98f48ea99,6b3da84c-292d-4f01-8d88-f66484594496,2025-01-01,9756,150,86
0dd87887-1134-4b12-9cd6-07b203392c64,2e72b139-06e0-4fb5-8a03-b6a5a1fec270,2025-01-01,404,326,99
54b32444-0dd5-4e80-bf6e-c73fc08faeb2,925e4e39-2570-4d67-8183-df75e352d89f,2025-01-01,5460,890,19
eeb63911-b0e2-49dc-93b2-72c471c92c7a,68f0b75b-9662-42e4-be27-263a20e6e634,2025-01-01,10,34,56
57ca749a-23d9-4be3-8ca7-797a54896dbc,11123104-0689-4fc4-880d-792fcba677d6,2025-01-01,2952,523,10
33533bda-7436-4f26-a5d1-685447d6efe2,39221314-f6a5-4a10-93ab-3643b7dc82b5,2025-01-01,1376,912,58
d0735be6-7416-4a4d-b903-c623401225cf,fd967c44-cce9-4a29-8afe-6f69738241cb,2025-01-01,2997,557,95
90f6d053-d98f-4d75-aa83-5003f812a20f,a3eb895d-40f9-423c-aabe-9b3826bdff3c,2025-01-01,3662,433,52
d94a6372-0b36-4354-891f-be273df68b4e,af052620-cc51-4dd9-ad52-577739029aa7,2025-01-01,5940,502,4
c27f7526-6eec-4fb2-bf78-d7e9413a32ce,088356c1-1359-48ce-bca3-29556b3d591c,2025-01-01,3091,0,44
0d582dbe-5f9a-4b94-8916-779f21da377e,8f67ce71-76fa-4f70-9b95-3d14e813b1c3,2025-01-01,2112,178,69
ac6f322c-5ac8-4a1a-adf6-d7dd81a02ad5,b585ac00-25fc-4399-979e-3f3b8e60ff09,2025-01-01,6749,989,32
ad1ae827-6dd4-46ad-9d6a-5b4d0e68184a,ec6e9df7-5112-4610-abab-954efc0d8cf2,2025-01-01,1870,460,5
fc36874e-682c-4836-b159-14282b1cd84e,2a607cfc-7f84-4403-9b35-a7b586f7d726,2025-01-01,2870,704,90
08fa60b9-cf6c-4bf0-ad02-c8dbb9be3878,01d12f9c-c2a7-4ee8-aa20-8530c254bda0,2025-01-01,2907,500,41
a32b269d-a248-46e4-ba28-9576cd0a6d12,c077aa34-00c4-40b2-8870-e5866d4c9a98,2025-01-01,9124,409,34
5a831965-9e1e-49c4-86b4-253c23d7f372,5220aaed-8af4-477c-8170-9eeb5d54ece0,2025-01-01,8839,741,13
13264a9b-c2bb-422a-9cb7-f9547d5b238f,861ffb83-44dd-400e-b901-d9333f251459,2025-01-01,2669,939,29
0a4f5d7d-b6c5-49f0-8f3a-60b9a76dcfc8,d8459435-42c3-48bd-9097-06a3c3d9cc87,2025-01-01,2068,846,96
ccae28d2-43ae-4a70-8139-22ba36687270,9a863734-e786-47b1-82c2-f976cbc54db3,2025-01-01,5126,608,99
2ee9b6f3-749c-45c3-a265-3a49a301f1f9,93d91e58-ef3c-4566-8c45-f9171dfeb4e9,2025-01-01,238,714,94
c9dbd3c7-91b9-474e-ae41-ddcbe9abe481,79215c75-5239-47cc-ac96-8cfc8f0c02b1,2025-01-01,9403,739,58
30393dd1-2aca-4996-a60d-509c6dcd08e1,8379880e-66f4-4971-9857-b001175f08af,2025-01-01,6189,245,1
5f3d7c29-9b5a-4aa5-be21-c052a75da531,7dd03376-37bc-4d80-a926-9e31ebf3e9f7,2025-01-01,4527,332,24
88e1d2c9-3d0b-44a7-92a7-8a3657c99f61,e8565799-73e0-4609-9ebc-2f0917061ff9,2025-01-01,5199,871,58
fa71914e-cf82-4ceb-82b8-d1d05fc765f8,b8f2f9f8-b4a2-4ded-90ca-2d83a5ee34a7,2025-01-01,5369,839,17
dbe8df38-2471-41bd-9ccc-69b4f30954c4,49f8ed8b-6ccc-4a39-be02-76132ba56d3d,2025-01-01,910,946,19
2a65de50-e589-4de2-856d-51683a0e1ad4,51d2a450-c9f9-4ad8-a9b4-81ae29bb4457,2025-01-01,8498,754,61
2a38ce1e-bc25-4fee-bcf8-741e152e2aa4,f06ae607-867c-4ba0-9dc2-60b6e9605891,2025-01-01,5964,592,95
386ed79f-4b93-43a7-ab8a-4ac2b1d76a46,24912d28-ee7a-44d2-be59-37d991542b73,2025-01-01,5190,628,10
60b1a9e7-2151-4bcb-8369-93899cade13c,9d92b773-a7c2-4ac0-a4e1-f47b1fa9ef34,2025-01-01,1401,853,20
4434164d-482e-40ad-b2a0-2384b260d583,3fdab2e9-d2ce-4630-951c-25d54391236c,2025-01-01,5086,19,80
38db6ae8-2c17-4602-a46f-40cf08de6cab,9c2b07fa-89aa-4108-b98b-e0a58c297344,2025-01-01,7827,355,40
3b48b704-97b3-4782-8125-5eb608c0a180,e036dbe0-47bc-491b-9a6c-b1541d8792af,2025-01-01,5125,297,99
b5850827-a232-4403-a863-0689d146a4aa,a0ed7453-3669-45cd-a21a-e811075d18cc,2025-01-01,3016,85,57
330a54b4-b924-4eec-9657-cf18082102b7,6e05649a-837c-4931-a52f-f32b332c686e,2025-01-01,565,934,56
34fb7b6b-8a44-4ad1-9137-7c2730541644,9e81a5c3-62e3-4e50-9736-84e568b7342b,2025-01-01,3723,117,82
72f5e9a8-e315-46e6-bbd6-fc0498bd2e0b,4abd7bef-9156-4547-b0f5-90dc49b12e37,2025-01-01,2739,795,79
57a0f143-ee52-41fc-8811-b9546fab5bb2,6089d271-cabf-4020-b0b5-57f0574b2a83,2025-01-01,6461,768,70
8271427a-5380-4702-ab29-fb0682d21036,2a607cfc-7f84-4403-9b35-a7b586f7d726,2025-01-01,8976,544,44
33f5e60a-c0d7-490c-88d1-1a121cac2798,96869474-e1a1-4ea3-849e-c64fc6723f57,2025-01-01,4164,595,5
6862da1c-77ed-4b87-b179-59144289114b,15fc7d9f-5aab-4ab0-9dc1-89027112ff7e,2025-01-01,4513,300,83
951cf2aa-07dc-4718-b303-6225c46fe706,12d1ad83-c465-4cf2-b973-090ba3ee63a8,2025-01-01,2134,278,49
3645203e-3816-4155-a351-f92f598b7962,2064f8a9-87b2-47de-9633-c42248cf76d0,2025-01-01,4379,138,89
e6ac0ba1-5cc9-48fa-81a1-f731b745606a,dcb34ae6-437a-4021-81ce-8ce36e5b90a8,2025-01-01,8086,279,76
068e4f1f-6c40-4e97-adec-d64024d2aec6,dcca0b7e-4cd6-4b95-8dab-c00d53be6b2d,2025-01-01,8897,988,41
d68dc841-3846-4cab-bcba-96ceda97eaf6,704ef5e3-3a9b-447e-907f-757bc2634d45,2025-01-01,9840,448,19
ba606f14-d4e3-4f1f-acd9-a76f2a54bbfd,d1630440-b72c-487e-b308-d3b36cfa2bf5,2025-01-01,4092,408,38
5b0d4c5f-5498-4842-b93d-5ebc0f0ab2ec,14ee6daa-6c9c-4ee8-99d3-9651daa1bcfa,2025-01-01,8600,314,72
6c1185f7-6af4-4fc3-9d50-1c5d0b8c6688,6c7c0a46-ef0b-44eb-a362-0b74c6c133b9,2025-01-01,2745,99,33
f5f55375-ae99-4b85-a657-064242edd4d0,fec3fae1-d76c-42ff-a280-8d0630e61c41,2025-01-01,5512,719,26
a6d4bf09-727d-43b2-b88e-c486135d6389,a0dbddec-a64a-4a31-b396-f1ffd24021fb,2025-01-01,2889,391,31
dcd8c9d1-d7a3-485d-b732-47c98672b0fb,d1630440-b72c-487e-b308-d3b36cfa2bf5,2025-01-01,5845,23,90
fd804fdb-d8ea-4525-ae31-d66e688ba590,3bc19ff9-f596-486c-84cd-002608b28e7d,2025-01-01,6380,696,51
3d1cc0fc-b4c1-470c-8d9b-20ef63d0c958,c5e82465-6ae3-450e-82a0-cfcc8fd6ac7c,2025-01-01,5925,353,23
18563805-6f6b-4ef7-98c7-85e9835ded78,9d876a1d-c3e4-4125-9980-641ca43c095e,2025-01-01,4727,595,6
d605bb43-a729-4c9c-ae65-8807212cdef7,4cafcfae-fae0-4a04-9477-4a638b7b6192,2025-01-01,4787,546,97
3a6a6ed0-eea6-436f-b57c-4b4244079656,20f7475d-fd38-42a3-8ac3-6550f694889a,2025-01-01,2387,566,16
8a87fd88-c02a-4654-a1fd-f042581a84f5,531277b9-b884-46a4-b46b-76fc50b4894e,2025-01-01,2764,658,57
54af37f5-9e8d-4419-a53d-59b635c03ea3,11b3b473-efea-4bc2-ac5a-61ae242b8f1e,2025-01-01,4462,930,69
266b436d-f90b-4506-9189-1db725e97f15,656ba777-d04d-49bf-afc3-3fd1d428b57a,2025-01-01,7441,912,96
416c3ffa-7f6c-49f7-8e66-ceae2271d45e,e6b3b1c5-3c85-46dc-a77e-b031f78dfea8,2025-01-01,9677,101,14
4f004a8d-b57c-4c5d-8487-2746fe855c2e,e3e00b5d-6736-469b-b889-6032612c3576,2025-01-01,1424,87,53
99fa6ada-c84b-43d5-b549-b7576ca4f039,f5bdbd30-bba8-4555-a574-0a23adbe1f67,2025-01-01,7236,775,95
7418f317-6aff-46dc-a3d3-1119bd10d5f8,8a2147e1-d860-4ffa-b57f-1e72b470bd4e,2025-01-01,4846,346,8
9a223efe-ed85-4bb3-944a-41c0e1f58ed5,a90b2e56-eb97-412a-b71f-a519420d837c,2025-01-01,4031,174,61
a0ac2fb5-e354-4787-8aae-4967e2fd3091,ca1ffb06-fe26-47e3-ad4e-fc8026e7f5e8,2025-01-01,4411,777,19
a5d11e05-6b0b-4ed4-9dca-0d378e4b69a0,5e4613fc-b0e9-4004-b467-12f3ca31289f,2025-01-01,7204,80,65
1c1ab73d-3bfa-47bd-9321-981400bd42a9,ef874a57-55a9-4337-b271-7f133a21460b,2025-01-01,7941,344,24
8f560813-01cd-47ff-8b1a-c1ea8b315ec8,8c3d635a-e37b-4d46-9b84-e52869883d51,2025-01-01,4353,67,43
d7f6a45c-730b-47d1-8946-7138dafad455,bc545aad-2423-4bdd-903f-d3021d5f33c4,2025-01-01,1450,721,48
f6834ccc-58a1-4e3c-b762-caaafac735cf,36c5f665-2812-4b84-a6ba-de59668278c5,2025-01-01,2569,91,74
5222148d-0a6d-4131-971c-04c159d7ce40,4be52281-a2b4-40b8-8d3f-7a3915b6e430,2025-01-01,1730,609,86
24f1f706-166d-4681-86c3-2fea026506cf,154f15eb-d4b2-4b62-8088-90920093ceec,2025-01-01,4238,324,42
7f27bba3-5be5-4a6f-9404-e239bd29190d,2d484fba-3d74-471b-937f-524623a0e9fc,2025-01-01,4155,8,72
4772382a-a290-4b90-af15-baf6edb27304,349aed41-f169-4d6f-ac24-601591c2eb5d,2025-01-01,7472,735,51
c8830d3e-fb2f-4a93-a99a-86c410464091,aa365c5e-37f7-4c08-82f1-6863b0a67c2a,2025-01-01,1145,350,26
8e2da893-19cb-42f6-a716-524cf6b1293d,3219cc8c-7eac-4963-9ed0-b3282a6cb86f,2025-01-01,320,827,11
556809a7-6eed-4161-951f-3c60d795822b,48aeb111-f690-4e71-aeb3-7b917e962fa3,2025-01-01,312,761,82
8ba419e9-033c-42c4-9c23-bffb0faeb7d0,5d66bb31-1b26-4a41-b20e-c320982d5f15,2025-01-01,8742,446,87
86ae2325-ef4f-4652-b502-ec9820cadf3d,11c5d2f4-1a7d-4a15-9a0c-461d4ea14ef3,2025-01-01,3700,696,67
cc38920c-19f3-4b8f-8188-ed2dcc1c0c9c,baa9d8b0-de62-4d3f-90ec-daafb3d73175,2025-01-01,6027,390,91
34efd1bf-ba6b-44f1-9ff9-b697018cf45d,3e63a157-68da-453d-9ade-6e6e0f3b6217,2025-01-01,8226,193,77
4d1aed3f-25ba-4022-8912-a59cf4684385,578a2614-943b-49ab-939f-42f93c91e6b2,2025-01-01,5948,519,99
8b17997f-383a-42c2-9e06-9b1721e45e94,7ea5bc61-6fd5-47ef-83da-10617f09ed2e,2025-01-01,5186,593,83
1b6f6742-a30b-4649-9fde-d77cd0c4c212,782ead45-c624-4aa3-b1e6-40f869de5167,2025-01-01,6860,67,13
0e7fed33-f059-4dd5-af0d-10cdfeef85d5,caa375e8-be80-45d5-ab34-24ebc3d00b13,2025-01-01,5275,580,55
c3645802-3fe9-44b3-9a71-8d07940ca06e,e270eb4a-51fc-4b68-ad7c-5684303d93b6,2025-01-01,451,53,20
0c99cf66-e634-486a-b300-9d427de5156e,ecdbc2d4-ad77-4ed6-a44d-262f9f47293c,2025-01-01,3214,75,61
f04089b5-e8a4-45fc-8fa0-e2a414188cb4,3e8150b7-1666-40e8-b4ed-c4a92ff27e1c,2025-01-01,848,233,49
04b85c95-9dae-428c-a59b-a36455479d7a,9f1fc12b-e8e2-4a09-a107-6aaa48fb5618,2025-01-01,4496,283,44
08e89b7b-1946-407a-b638-bef689b4e603,02a735c3-cd4e-43d9-94e2-29c21f3075db,2025-01-01,5047,626,91
1807ca3c-b84b-4a75-9718-f01a16b0b218,d6716325-d336-4dcd-8758-6f11449f8c60,2025-01-01,826,341,77
ca019d08-c51c-40f6-a0ad-87e8b829a6ae,5d143e69-c5df-49d7-b3ba-01abc8fcbc5b,2025-01-01,6878,514,13
ebeedf8d-d435-426b-81f0-57fe3de6ca0c,4ce17452-d8a0-4531-a5b2-f3e5f6350bed,2025-01-01,8699,93,21
bcbfc072-56c6-4c3e-aee2-9d397246c641,01d12f9c-c2a7-4ee8-aa20-8530c254bda0,2025-01-01,7419,158,38
c16b8302-c139-4387-91ee-dcbadf0ffe3f,12449902-3baf-4c70-b547-7206703ee1ac,2025-01-01,6100,439,6
dedf7943-b574-4d50-9a04-d27b830b3226,ac64e220-470f-4d6a-bd92-67599403acfc,2025-01-01,7263,131,87
625f9052-c2ef-4ece-9e8e-064500855520,2cf78079-24aa-4824-815c-3ff4df211a28,2025-01-01,5450,391,35
3769d8bc-d285-4509-b49a-8512f8077791,c9a095ba-7910-4ca3-ad92-0deb05746b84,2025-01-01,2947,141,82
bd2cb24a-2b68-4c2f-81dd-0d953723d8fd,f001db63-1cd3-4d9b-b47c-18ae3deeaf2b,2025-01-01,9976,70,80
99d430c5-db22-4ea9-986a-e3fc12ca1619,a871ed35-cf34-4053-95cb-59a2f65b772e,2025-01-01,2164,394,73
df6675b8-9f3c-41ef-9134-d6595e99947f,c08b0b98-a10e-4da7-8b29-92190ca99e72,2025-01-01,4404,479,71
08d4a961-1c26-439f-a945-3448e8cec2cc,5b89848f-1169-4afc-bcab-e8a6e5eb719f,2025-01-01,9362,158,46
4eab77e5-8f3a-4795-8261-c358c2385e4d,ec47b4bb-4fc7-472d-89e8-47804fa8e612,2025-01-01,2182,728,65
036314af-93ff-44ea-9d31-df73e58a3d57,8a395b7e-9c66-4785-99d9-e143f9f1ac8e,2025-01-01,5631,839,57
8a8772cc-ba1b-4a45-9f09-cf2f977e6512,47101d29-9f8a-4854-89f7-644e3308776e,2025-01-01,8500,577,95
14e3bebc-7398-45a7-86fe-bbffd810fe94,74708ee0-7548-414b-8860-d313397486a5,2025-01-01,7885,7,64
522f7111-e554-419a-ab9b-72dba7aca7cf,510fbad2-c593-40a8-883f-01fe8413c096,2025-01-01,503,720,13
1484bde2-8875-49bc-8a39-0e0bc4328f34,b80578c8-4017-4fd3-8d56-0afc413274e0,2025-01-01,421,404,65
41c48ad4-90d0-459b-9cc5-311853c2927e,d71b96f8-a36f-4d3a-8bef-77350e5cafca,2025-01-01,1406,5,4
c9d8701e-b8c5-4bde-9307-3500c6b29f49,08618bc7-6318-43b3-bfbb-43ea1a5cc8f8,2025-01-01,3490,431,37
fbabd484-9ea6-4ad2-840c-13e429528b41,f4b8b23c-e4a8-4a37-8455-b22ee5c14c61,2025-01-01,6539,444,13
e96237e1-bca2-4a99-bca4-c756abf9b7b7,d979c3c6-d1f5-4610-967a-8eb94e20a94c,2025-01-01,1951,340,82
ff97abce-9b3f-4893-a689-dcbcd75e42e3,2f01783c-a8d2-4e57-a121-6de7bfc2771f,2025-01-01,5978,695,86
7445a697-7f8e-46fa-8b6c-153fe391dbff,af35292b-4593-4eb9-a7d9-ed9730148c8a,2025-01-01,8495,263,92
2027c82a-2c1e-4482-8e31-9f5587efdf3a,021fb4cf-d67d-4a05-8192-3ea31de9504b,2025-01-01,8372,259,54
0cf6a66e-872c-4b2b-a7dd-8756e6bb34bb,1d31bf9f-897a-4ec9-809b-ac25ac42a8b9,2025-01-01,8483,558,1
e17f5394-3b66-4fb0-a262-7ca50dfa73bb,021fb4cf-d67d-4a05-8192-3ea31de9504b,2025-01-01,5658,627,13
006f8f35-c056-4ef2-91dc-e224734c6cbc,7745203c-0ea9-4605-b66a-52fb2479d3f8,2025-01-01,9576,216,91
08ebebc9-98d9-42f7-a6e2-ef21aee15112,e0458722-01c3-4c5a-aea6-14af5373d488,2025-01-01,9380,880,38
50ea1b14-4217-4657-80dc-58cad59a0ebd,661c851a-a9ac-4281-8e7c-a1050a30c499,2025-01-01,6684,632,78
423860c7-ba34-400e-a0f3-01a34f6d9774,fffb227e-3df1-4c7f-b54d-c5b5b16c82ed,2025-01-01,3720,946,82
6bfc613a-b8c1-43c6-8edb-6342ea09ccde,eebdbc5a-95da-4ec9-b66e-57bcf2087351,2025-01-01,79,728,32
707c592e-1f92-4963-bb01-25773655766c,1e745b8b-9222-49a2-97f1-a5a74d225a0e,2025-01-01,3518,729,36
c081c5f2-cd35-4132-98dd-2b38364a3b00,faffe3ac-b12f-4c9b-879f-4e39d9e373fc,2025-01-01,8713,826,25
30bdcb1a-7fc9-49b8-bdaf-01f92a60d550,e0da9b11-1ac3-4bb2-a511-84b4549afa20,2025-01-01,5538,440,49
54ca3bf0-216f-4c7c-a205-efa6e97ab44c,c260d3d5-ee8b-4f44-8359-2eeb6ae90261,2025-01-01,3522,560,92
c8bdbb6a-3770-44f9-bbb3-1583bb558e1a,dc8d1159-f96e-4b44-8b01-bc919920511b,2025-01-01,861,969,56
eef8d04a-e80b-468a-842b-06b93c59ae43,f4b8b23c-e4a8-4a37-8455-b22ee5c14c61,2025-01-01,2442,101,29
9fe48e16-58e0-4aa1-b587-41bdef07010b,cf629e46-18ea-44a1-afbe-daaec24efba1,2025-01-01,7317,166,84
b90b8798-1969-440c-88b8-930862888eb0,6aed85b8-f10f-40dd-a440-854ee17ace53,2025-01-01,8734,181,60
1cea4f16-455e-4939-ac81-38ee69711631,8d52de8a-5e15-4ce8-bb14-220210e08dea,2025-01-01,6767,549,63
57b3b35c-5d3f-4793-a4a5-efb405d8fd7e,85658a77-6132-43a7-9dc6-ce159a75dd1f,2025-01-01,1595,891,40
7a04a4eb-3771-4614-9809-23bf36226e13,b80578c8-4017-4fd3-8d56-0afc413274e0,2025-01-01,7738,73,69
21af57ba-da4f-4ccc-a53a-438b258a53a2,1c3434ee-d79b-4cda-a563-0e21ed9cbf0e,2025-01-01,3538,712,65
47e0926d-511a-4f55-94e0-7669f337534d,5db1074b-eb33-470f-8c05-2ea9cb2854fb,2025-01-01,8452,101,8
46276b38-883f-4b66-9f92-3220a7a8ba79,d5a6fd42-89c8-4ba0-8785-520c7d6ed022,2025-01-01,4271,990,43
31358c76-effb-4c02-8df5-bb8d21183220,9e599ea8-4d27-48f2-a4c9-e26d70aefc40,2025-01-01,3990,620,49
c0fc89c7-a53a-40ff-9823-dce58df27d5d,47e2f2c7-7fea-490a-8e40-263b8890194a,2025-01-01,707,705,52
87c8af0a-7800-463a-9008-2a6bf8c1ab3a,96db6fed-314f-4fe8-80e1-38e081f52d5a,2025-01-01,3995,987,13
8f6d9949-e013-400e-955c-e6feb2753106,b94c8a1f-fe7c-4877-8bc5-c7ce8eb771d7,2025-01-01,2073,866,83
9b43a4b2-6196-4166-954c-099ef02dcd51,14577fd9-f7c2-49d0-ae35-a723cd95f2c5,2025-01-01,3902,79,55
9861c795-393e-4a1b-bf18-336b9ad84e04,d2eb2172-0349-4a75-8970-e5993e8fd9ef,2025-01-01,5433,928,32
a3f968e6-a7d5-4e0e-93ee-3e195e6379c6,f73d52e0-3fb3-4d74-8dac-7495a8e86aec,2025-01-01,5192,446,50
2777768c-7d72-4a2a-bafc-889b440f476a,9057d7f0-2be1-4f3d-ad4a-986ba6f121f0,2025-01-01,3361,220,70
5fe9504e-c84e-4cac-a06f-16600e39e25b,dcdf9f86-b558-4a29-904f-4b134f5efef2,2025-01-01,1162,302,65
6e372884-6dc7-4eed-8034-14a40b101c0f,2e7c507b-eb5a-4bf1-963e-478758c2409f,2025-01-01,2775,306,72
e7291b60-0ee7-4b50-8240-7e2c34d2fb4a,15fc7d9f-5aab-4ab0-9dc1-89027112ff7e,2025-01-01,5720,852,52
a297ac1b-be52-47eb-9e45-975480444dff,2feda872-1906-4908-a8ac-a1e57b80d10a,2025-01-01,184,909,34
1fd02cfe-f34f-48f9-b0a9-aca6e9e87ac0,5a3a569a-e5dd-4349-9397-bd5435e02965,2025-01-01,4590,459,32
07dacaf4-a52a-412d-81ae-a84106919198,53dda717-ecb5-42de-ac16-c192498c0b9a,2025-01-01,979,856,97
6600ce18-256e-40fc-8924-d0c038078dc6,6bbfc12e-5e78-46f6-8766-a0cf3eebd41e,2025-01-01,9103,320,95
aa540bea-fe40-4c3d-9375-de86f6545551,d7f047db-7ba5-4e5f-80ac-e65ed96318d0,2025-01-01,6020,342,28
4e09b69c-0de2-4724-9c58-abf9c575a5be,3b0b2c55-bd93-45e8-aaba-ac39bfdf61d9,2025-01-01,7907,58,8
fe86e6aa-97cb-44c6-9dd1-9e451116b51d,ebcac167-a798-4723-b315-411712190147,2025-01-01,5676,504,97
18c3848f-1126-4861-92cd-17b82a731cc3,17a3088f-4c1a-4ffe-a5a6-2b7e115e5be0,2025-01-01,4628,276,44
5f123406-197a-4864-b310-2d8cf510d49d,db29423e-7f3a-4b46-937f-09b85283f907,2025-01-01,6257,235,59
9b222094-d945-450c-9b86-c1f180694620,8e047740-a054-4d96-97ac-f29677a32731,2025-01-01,1041,755,34
31edddc7-dcd1-490b-9a61-11c7d0751d9a,bf9685d6-dca1-4d51-a9d7-45353fc6adfe,2025-01-01,7767,878,6
269e8f5e-cfa5-41d2-9cc7-247ba02382ec,ce16474a-994b-439d-aedf-1d4c0fcbcadd,2025-01-01,8056,435,5
f6597958-a4a1-4d80-832a-4b5b6b6363db,4e8d44bc-2909-44c3-9cde-7e5fb16d4716,2025-01-01,2428,464,28
d596c00d-7835-4500-ac0c-db71b98abc33,ca142b0c-1c7b-4dca-8aa3-8b1fc3db5cc1,2025-01-01,1527,518,92
1b4dbf89-94ad-447d-b941-808e0835ff80,531277b9-b884-46a4-b46b-76fc50b4894e,2025-01-01,7445,806,65
8b339456-27c3-4649-87ca-f6b0731ecae0,7654a671-017d-4859-b01e-15d136d6289b,2025-01-01,5090,21,85
cc60976f-f82b-4aba-a86e-1a1c490c85d9,8857345c-6c42-4b43-bd56-fe7bb37289ec,2025-01-01,8529,150,60
407a1b39-a496-4249-81c9-65111f6a610d,3564f8a0-5021-4c80-808e-26dd1021c174,2025-01-01,5701,11,14
368bd14d-1dfe-4f84-9faf-9254647a517a,bd13977a-2de5-4ca6-b2c7-b144ec83f271,2025-01-01,2256,942,35
16fa2db6-fc17-4a59-b473-a0a83e2f3901,1dad9f63-053b-42e1-8b62-7f4281af6a20,2025-01-01,9403,758,77
281da821-8b11-42a9-bda0-84802f34ee61,11b3b473-efea-4bc2-ac5a-61ae242b8f1e,2025-01-01,7886,566,22
22039240-cc71-43c3-9400-3ebee58a9ca5,ae731234-9e0a-4180-8257-44b35fc3e711,2025-01-01,4669,128,6
0f87a5b3-5fe6-46eb-86bf-0a16d15bc5b6,00de2e69-4235-4827-8274-2a12da1b8809,2025-01-01,9493,48,59
1f1e3df7-9914-4b71-9bc5-117cc4efa3c6,59b6bacd-aef6-4406-9bc5-136a8a793915,2025-01-01,2268,874,85
81054c16-e645-4d85-a7ea-b7ae3187224b,def20167-9b54-4269-a2db-0cc0b3c4791f,2025-01-01,1733,793,75
8b3359a7-3791-4626-b320-07edc58303ef,d9169a3d-d07f-4edd-b1d4-bb32baa23405,2025-01-01,3289,5,77
530abeb7-7ce8-413a-86a6-b2c9e6e26220,6d1e0ca9-8c65-4419-8340-1cae89dff2fc,2025-01-01,5791,556,87
36c3e736-d56b-421c-b658-fe1557bd5f0d,6111c8c8-9c17-44da-8e32-6e04f886e886,2025-01-01,7815,302,17
62bcbeb1-a810-48af-a5f0-dadd150b8168,24912d28-ee7a-44d2-be59-37d991542b73,2025-01-01,2672,409,41
535f04e4-d650-40c7-acae-bb06cbc0250b,1352790b-9991-4d2d-b670-cd584b41bd31,2025-01-01,722,960,0
3db489e8-2af5-4e7a-8e46-454c73c2d2f3,b213d916-5ac9-42d6-91ba-11c5ebe43db7,2025-01-01,2254,672,99
1351490c-7f48-401e-9b17-e246fef95116,43b68325-b0fb-4837-8e97-e249f69cf0eb,2025-01-01,874,709,61
05af3cff-a33b-46e7-a566-1be8348a2e69,56705c38-be7d-4b0d-b63f-a293b1741bab,2025-01-01,9180,835,82
952009ef-b7db-4bd3-84d5-a26fe5e22828,20f7475d-fd38-42a3-8ac3-6550f694889a,2025-01-01,7670,8,25
3626ce91-7a80-41d6-a016-d2a54c953895,a5a70f42-c5b6-4ec5-bf71-90ee14d5b085,2025-01-01,4654,924,61
0b97e1bb-663b-4e17-833c-ee204a0bd5e6,c8d78ac8-9f50-4876-adc6-97bf5c1befcd,2025-01-01,4709,544,74
994e9671-08be-4548-8b8d-a74d722d95a5,4323c02e-f43e-4bc6-8478-4eace2042353,2025-01-01,6672,423,50
58850447-0b19-4919-b4cd-54f903394981,fdff471d-f704-4727-a50a-7c50e4646f66,2025-01-01,9760,821,80
4f239943-512e-4d9a-aca3-f7f16f14ab5c,1e2b300d-2576-43ef-956f-690f0cd92aa9,2025-01-01,8939,544,30
4a8bca68-7cfe-4e62-bc83-db1e4a872c27,fe844fd1-ed65-4a2a-8044-63769a52a973,2025-01-01,646,834,93
dcae65c8-8b0c-40b0-be95-467a89e133d6,2064f8a9-87b2-47de-9633-c42248cf76d0,2025-01-01,2729,726,81
70d1a338-2346-4783-b523-77f43d6e7e20,bfb282d1-a893-46f6-b941-09b81fe57b85,2025-01-01,3096,121,48
da0877a9-eb0e-41c5-899d-42c075ea125c,bb862b9e-1241-46f0-a14f-d5cb16e8be92,2025-01-01,4941,187,20
1656191e-8223-4191-a466-cf9147b9cb18,9c2b07fa-89aa-4108-b98b-e0a58c297344,2025-01-01,8055,868,76
31461736-7321-426a-a0b2-b04c486eec6c,6395e7a6-2f6a-44cf-80cc-ffdc4f8ac216,2025-01-01,8932,973,44
78e3f021-5fb7-4858-8522-e4d415e0f58f,f2510abd-bc56-462d-8393-781e97e956a5,2025-01-01,1874,626,94
1ad308c1-e9c9-4d7b-a96f-8c6e3eb929aa,f707bfca-5aeb-4425-b2e2-b0df5279639b,2025-01-01,8995,956,62
08d4c7f5-d601-434b-87e2-b8fcf6b7ba21,f231724c-1e94-4719-8a1b-fba5ea0030d8,2025-01-01,332,718,13
e1a5536f-5d5a-4bdd-8a93-4995aff66967,850bf9ac-f11e-4581-b817-9db557dcb8cb,2025-01-01,3111,516,34
abdfc2a7-395a-42c1-960d-85dd3d7f5808,3ef58dbe-e1f0-4c55-9300-33d90807c18d,2025-01-01,6917,818,76
1614bd90-88ef-4013-b8e7-3f37eaaab3c0,e96859bb-e26d-4b3d-bd91-03dc85329506,2025-01-01,5232,134,89
066188c7-2428-45b9-9224-48160a8f7653,c2557869-b671-4faf-9a5d-2d36ddd315c4,2025-01-01,661,525,38
946aaf67-a0d4-40b3-adc3-528b39a86c44,b4f539b8-b889-4636-ac09-c0b20a603fa0,2025-01-01,8374,601,33
092ae12d-0e21-4249-98ef-3f2cf442bdf6,f1bb00f5-f722-47f7-bbfe-8f56b68eee2c,2025-01-01,1883,763,29
2e11ed76-f7e0-4cfc-bbd6-b0a02fd84727,e6d6344e-debd-4788-a203-aece2a89ce3e,2025-01-01,1628,705,1
1cabffdd-2cb9-4030-b1f3-faa9ab1b0bb8,f9046e07-f9d8-4eca-b78a-b10764c51513,2025-01-01,665,369,97
9168d938-d602-481c-8105-75bb152f63f9,9e81a5c3-62e3-4e50-9736-84e568b7342b,2025-01-01,4033,1,55
d5babf4e-7426-47a9-874a-51f0eaea1308,935ee0e2-d86a-4054-a3b5-02aa2770415a,2025-01-01,290,711,80
cc9ba53d-6365-43d3-91b8-ad4e783a6ead,510fbad2-c593-40a8-883f-01fe8413c096,2025-01-01,4421,14,86
b67cb951-be21-4ed8-b915-367e325bddcc,c816e109-cb99-496e-8e5f-e40a4db7baae,2025-01-01,6205,43,90
c9e2f3f0-bfb2-47d3-b429-3121ac44855d,bc2a2e0e-07f0-43e7-a2b8-9fd28fc35ab2,2025-01-01,2133,71,34
ada7753f-fd53-444f-b69c-025830216271,557ecdf5-c210-4eac-8a34-1c18bac39d02,2025-01-01,1413,917,56
9c2d0889-959f-4928-9337-31ce2a1d5f65,3dc4d808-882d-4eba-a666-54de9a4390cf,2025-01-01,1081,36,99
10a6efd6-5ca0-41c7-9007-f3af8b8b7e26,dd09673b-a759-431b-9f7f-02faef8d8c74,2025-01-01,1841,219,13
03fcf757-4419-4447-ab15-abd90b0e8e6a,04805723-e858-4e79-a23f-c9b482b429b0,2025-01-01,3814,979,67
f27933a0-0f10-4577-b585-8b617083905b,ade1f573-aa6f-448f-be46-f2d5344891af,2025-01-01,5437,125,88
6550c073-ff5d-4876-a441-a3400e2daa45,9d4d7404-1751-4697-88b2-15dcf64ba4fc,2025-01-01,6156,110,48
b9b6043d-8d1f-4f37-a381-3bfe323fc2ba,d3474b2c-a01d-4a23-9ca9-5fee7879188a,2025-01-01,6040,106,96
bd4141ae-f678-431e-957d-2568b43f9131,ebf2ca6c-b691-4b8f-a4ff-42d602af9151,2025-01-01,7853,483,99
e4107301-270d-4162-92b1-07031258e75e,5c17fa2f-86d3-4d3c-ab87-f650876db207,2025-01-01,532,162,57
a199570c-5ad0-464d-b4d5-6c35edc28f70,bc2a2e0e-07f0-43e7-a2b8-9fd28fc35ab2,2025-01-01,8561,579,74
860ed68d-3adf-4b40-89dc-01013d4b66f6,7508a5a3-e3d0-48d5-9047-090e4f31d049,2025-01-01,5915,177,45
4fa4b4f1-a0f2-4714-8cff-b1c0beec693d,472cf2e4-5be1-48bd-b38d-81270099d2a6,2025-01-01,1004,238,53
9403550a-5bdc-41cf-89f1-0a3010d7f73e,915a6ab5-c939-4b31-9a31-8d8dcf98b9aa,2025-01-01,6123,957,28
558d70d0-2988-4dfc-a6f5-723d83800b87,41d9d109-f7c0-469d-a08b-918dc2d21a83,2025-01-01,4081,507,53
49ec5ad3-c04b-414a-afa2-e04664f50d65,96869474-e1a1-4ea3-849e-c64fc6723f57,2025-01-01,7116,196,76
df85aec0-6775-4a5f-999d-354da22c27c7,f231724c-1e94-4719-8a1b-fba5ea0030d8,2025-01-01,1383,801,23
e91a5aca-5c00-410b-a800-af9b5e82786f,1e700d73-c3fd-46ae-a6a2-e1c2aa3d2568,2025-01-01,4897,37,13
3e61d004-0123-4d69-b617-ff602a815120,82ea7efb-dd18-42cd-a4e3-9e2f4519beb5,2025-01-01,3355,214,67
0b1c0749-1317-48f6-be32-212216a7fa9c,fe6fe0b1-5c07-4965-bbc2-852aca0777a0,2025-01-01,4862,529,89
53718826-0cd7-4286-982c-1a978d8b6756,f6e60319-d6f1-4009-9cec-82d607fb5a97,2025-01-01,253,438,64
190b53a0-38c8-4208-a019-7645b7d4fc62,4fc65727-2298-444e-be59-1f329a107b3a,2025-01-01,1856,860,10
8a2ee085-4307-48c9-b006-c78346ec3eb7,e8565799-73e0-4609-9ebc-2f0917061ff9,2025-01-01,9619,108,6
c69c0f17-8b0a-496c-a81b-92ac33e75d1b,ef874a57-55a9-4337-b271-7f133a21460b,2025-01-01,8453,569,98
1bc2f7d6-7516-4410-9ebd-95d6496eb49f,c8d78ac8-9f50-4876-adc6-97bf5c1befcd,2025-01-01,535,127,84
3c95d9c8-1be7-4dae-a5b3-13ffd55a149d,f42ef134-9ad9-4292-92cd-aff7160a422a,2025-01-01,275,633,21
aa8af580-5137-424e-9638-d49e1feb333b,a3d359f9-1e37-44b4-99b0-b3c6f94d1c48,2025-01-01,5714,639,99
a1bcd804-b09b-4f0d-b443-85881eee67e9,d7e48750-247b-4a52-a227-bed98c316dd3,2025-01-01,3396,846,7
370f46f4-1f78-46d6-b230-909cad6e7b6f,d50c5c36-43f3-4f45-b8c6-f7a635f5e081,2025-01-01,2959,311,95
1d10d0ce-20e3-4e29-9ae6-7dc994d9c92e,6f5dde7b-c5b9-40b0-9494-0873e7b23e6a,2025-01-01,745,121,26
34874804-6218-4a08-8845-9e265db63f3d,2cc25564-f1a2-40c2-b4a4-fae24f23776b,2025-01-01,5633,185,40
c1c871cd-cc13-4274-860e-b688a5962c2f,5572acc0-dc08-438f-97d4-ba9393ca3700,2025-01-01,3384,16,22
44a04df1-fda5-46d7-a149-8d8ed00d5cea,8eea5949-c173-4644-8bca-f1abefc81795,2025-01-01,1918,723,64
bcc6872e-4050-43cf-a557-8b22237d7938,9e15e58b-7b78-409f-8b0a-989f5d350967,2025-01-01,3508,744,33
167bd7e6-1283-4f87-9dde-5a4528a4bb82,c0681431-2e66-4eb3-885b-213a256e18c8,2025-01-01,2073,203,77
628d4056-77cf-4a22-85c2-f51cadcabc3b,937a469a-00bc-431d-8ebf-b339a36560cf,2025-01-01,5388,671,87
cbf50f63-656a-4a63-a98c-fa99ac5b0268,46ff9460-ea3e-476e-901d-60b99bc57c8b,2025-01-01,6326,938,28
94b854a6-a88d-4d9d-aa5c-a76416029c20,f1c9a543-696d-44ef-960f-b52249d21ad3,2025-01-01,219,822,41
acdd7feb-ddb3-4b3f-8a58-6e06274ddc52,dcd41bd6-bc45-4f45-8784-d6adc96c417d,2025-01-01,6342,343,8
30dab443-933e-4c9f-91d4-4a378316dd5c,0282fb1f-8cee-44d2-9a13-164de0b93daa,2025-01-01,5921,180,51
54341a21-8b89-4ba5-9796-26576c511e0b,f43e0a48-d4ba-498a-8ba4-1732b34ee3d8,2025-01-01,4239,461,24
3882e7af-627c-4da1-a6cd-077c8dc95ace,725367a2-a011-4b5d-902a-10970e6b3f95,2025-01-01,5943,523,54
c2f11ffb-d9d9-4cd4-a0c7-71d5f8e961d9,656ac2d5-21c9-42a1-8236-f2df7cb8b92e,2025-01-01,8242,244,81
2cafc819-2525-49a9-a3a7-7c4ab253b41d,5f5243fd-f965-4b84-978c-db5722c9e2c2,2025-01-01,7694,784,64
972a0528-b324-4041-b9a3-1001f1e92fa7,5a3b88de-39ca-471a-b1db-cc36b99fc1e7,2025-01-01,2754,770,86
d7797122-ea4c-495b-95e7-44bdf715b548,bba7a942-a9e7-43cd-853f-63e8dc386229,2025-01-01,5273,964,71
2ca91370-2e20-4142-9077-15ea2e4054d1,442cb36c-eb4a-4cb5-a483-27b0a596b920,2025-01-01,1338,73,33
c2a9949b-bac0-49cc-a043-6347db1b650a,c7f24534-0160-48b2-a8f7-967e540c6424,2025-01-01,9292,493,42
9b771021-e96c-47dd-8c62-f4ba835d2e3e,dd09673b-a759-431b-9f7f-02faef8d8c74,2025-01-01,6694,759,15
28b954f9-be3b-4ce2-9af0-352b3509b83a,b80578c8-4017-4fd3-8d56-0afc413274e0,2025-01-01,3968,484,33
8805af9a-baf3-40c6-9c10-c982d8eb37e3,935ee0e2-d86a-4054-a3b5-02aa2770415a,2025-01-01,6579,894,81
37f12898-f149-40ad-9a33-f0229e75fafe,656ba777-d04d-49bf-afc3-3fd1d428b57a,2025-01-01,1675,606,95
27c27291-c1f9-4fcc-b561-4f438eecbf30,fe6fe0b1-5c07-4965-bbc2-852aca0777a0,2025-01-01,277,86,80
70c7d662-a455-45f5-bf9f-f693a3d5bd0d,d7b43af4-912e-4116-ab7b-55f5f88f07dd,2025-01-01,485,338,89
c73e586d-34dd-4fca-864a-62d286104084,84a659cb-9f67-4415-a927-5904715df32d,2025-01-01,6117,235,38
0f163477-172b-4342-bfc8-ea78519a3d3a,41c85226-edf0-4f3a-8c61-45e2c0b9373e,2025-01-01,661,290,81
b48bb3ea-4c21-472e-b31a-dca554497bf2,bc50b49e-bccf-4137-a1b6-026bf8f77546,2025-01-01,9353,374,26
27e0f00a-d606-440a-9854-a605a5d2ec33,3720a8b1-5fff-401c-a537-e77eb93ed4b5,2025-01-01,3926,264,97
f603f699-a4a1-4e75-9a93-42a408f65c3a,6d1e0ca9-8c65-4419-8340-1cae89dff2fc,2025-01-01,1223,96,88
ca5464cd-37b8-4d69-b30c-75b42c421f91,777552bc-17a4-4220-8537-225866121db0,2025-01-01,7658,472,94
7589aa81-5ce8-4f0d-8091-20075f897420,0282fb1f-8cee-44d2-9a13-164de0b93daa,2025-01-01,2721,254,20
e26e023a-5ab9-4448-920d-f1661b539bcb,b3853a75-9ce9-409b-a376-c415766a0128,2025-01-01,1179,77,67
90993d52-8cc3-45ab-ac1e-5c0291416062,75354c50-28f7-451b-9018-050bf0ac3f18,2025-01-01,3070,886,64
84557ccc-e065-4a1d-9eea-99079a6afeed,f313355b-0da7-4d6a-b0b6-7f31a47dea02,2025-01-01,5166,882,39
a32afc6d-008a-4cf6-9b98-1d3c2ffaa96b,3fdab2e9-d2ce-4630-951c-25d54391236c,2025-01-01,9567,11,48
f499924c-fb68-4db6-9754-2a52f4309991,1cf80a49-16ac-43ca-ab50-fa33cb1b790a,2025-01-01,90,538,5
ab42f830-25a2-4dcb-9533-9879248a4106,3ee53054-a2bf-47a2-ab00-4bdec3a809e8,2025-01-01,2704,528,5
9fcfcc5e-602e-425b-b04d-4bc94b12ceb7,dba59fee-6dfc-47cd-87f6-b6d7092510fc,2025-01-01,3703,922,36
3ece3141-7a64-4e44-b385-79b47890ac94,e5f33d34-6eba-4421-92b4-30cb705a5b31,2025-01-01,1922,143,40
42f838ba-445b-4663-be8a-0fbbe92b8d9a,0282fb1f-8cee-44d2-9a13-164de0b93daa,2025-01-01,5410,368,17
eb02dc06-3c87-4eea-a2f3-b41ccf984599,f7edbd88-d232-4bd7-bed8-2b82c23edbf6,2025-01-01,4873,327,24
ce019a69-07c6-4304-a9ad-51431e549c3b,e0e8d597-c20b-4350-9e23-e545a3c5d317,2025-01-01,8137,499,26
764ef528-3d2c-4513-a9e8-56ca472ae2e2,5f99d8f3-27ad-4a47-869a-1cf2c607804f,2025-01-01,8252,165,83
a9950eef-1fd5-4436-a823-6bbcf3b07229,20e7d7f8-7968-4885-881f-edc34502bad1,2025-01-01,6561,263,90
4658e86b-c146-49da-a297-d6add9d6172e,8f935be5-13c0-4d1f-bcd6-6c98b882ec74,2025-01-01,6743,402,65
fa4627c5-b018-4441-85cf-3fd956ab2d8f,692013b3-ee82-4783-8bb9-f0df175985fe,2025-01-01,9651,451,88
bdcff053-97d4-4b06-97ad-6a767f4279b5,9893486e-2b99-43db-98c3-9b93035783c9,2025-01-01,104,740,62
ec1527d0-e0e7-4eb3-914a-32ba5fe281ca,4ffcad09-d8f6-4fea-9a63-3fcc2c768b88,2025-01-01,839,440,4
7f6c73a7-cfc6-4d88-88a9-3d4f44cb4610,618421fe-ead1-4224-b18e-38698ced9ad5,2025-01-01,3648,845,55
7eb78982-c0f1-4cc3-8b4e-e867fb6343cf,12d9f7af-0915-42a5-b60c-714f51d9eb4f,2025-01-01,4278,552,46
3dd54837-ae6b-4ab3-9975-4b4be3e0a765,aea279a9-7151-46e6-8796-d3042d766054,2025-01-01,5466,797,72
6d21bd30-b8e3-42d6-a5a9-66cb725de30a,777552bc-17a4-4220-8537-225866121db0,2025-01-01,9095,642,34
bc6c8a17-a92e-4045-a2ea-750815b80ba9,19f63e70-112a-43c4-aaa8-36e7cff1f1b8,2025-01-01,583,757,60
384eebb2-a8d0-4cde-ba08-31c55ace55af,22bb1bd1-f858-40dc-bd6e-57b076718095,2025-01-01,4878,853,0
b9c4d2ae-04c5-44ce-9898-d568eb614569,d82c8591-674e-4316-b4e8-393d86d8708f,2025-01-01,2661,858,51
e2cc4252-3da1-4fcb-97f9-12598b0eddcf,3e326d82-c76b-4775-ae1a-6f64c2eeaced,2025-01-01,6894,878,76
79d0bd2f-0ab2-4862-9185-5d6451ff19c2,dcca0b7e-4cd6-4b95-8dab-c00d53be6b2d,2025-01-01,7155,669,76
2aa5d42a-a41a-471a-9622-70e9f793ae92,18632a4d-fd85-402a-ab8c-9edf0000d8f3,2025-01-01,2391,999,97
8e734b7f-7a60-4b69-88e2-0ec0d93846b6,38b1b216-5f76-473c-9686-80400d72f5fd,2025-01-01,9027,315,16
b40fa55f-8204-46fa-899b-54157779a982,a5a70f42-c5b6-4ec5-bf71-90ee14d5b085,2025-01-01,1747,717,54
5fb9bbd1-912a-470d-87be-40e6ab5dfb9f,11b3b473-efea-4bc2-ac5a-61ae242b8f1e,2025-01-01,184,386,78
de5c45c6-9071-4ffe-907d-6f122cd38f00,9336eb9a-88fa-4bf6-80bb-5de185511783,2025-01-01,7254,444,20
c3d93bf2-d6d8-4537-a90f-1f51da5be4d8,11b3b473-efea-4bc2-ac5a-61ae242b8f1e,2025-01-01,5270,590,16
4fddf7c5-85ae-4623-a9e3-e84eba718358,f02b4656-c319-457b-9229-cba38b0d2a0d,2025-01-01,856,572,13
b9d52428-6d8c-407d-9894-3d2e745bb0af,1f7c5978-0c76-4ea2-b679-4d33b96b013a,2025-01-01,8474,797,49
f80035c0-a2ec-448c-82af-96fcd3797ab5,75354c50-28f7-451b-9018-050bf0ac3f18,2025-01-01,1951,193,16
b79e0660-baac-45ea-9df3-595a8f3fdf70,1e700d73-c3fd-46ae-a6a2-e1c2aa3d2568,2025-01-01,5780,58,75
4666e8e7-e431-4ca2-bcbf-66f960477f72,fec3fae1-d76c-42ff-a280-8d0630e61c41,2025-01-01,1018,998,30
0475532c-847d-4916-982f-734bede877bd,9d77346c-54b0-4484-b7cb-e4f12e174116,2025-01-01,4264,810,7
a4dce0bd-40f6-45ec-9f30-5c8478d3198b,f494af69-ae92-4b02-87c8-fec4bccf8a3a,2025-01-01,7120,936,17
3a02f361-4eca-41a9-b360-a18d7b279a73,08bb6921-998c-4b72-b416-d340b1556bbd,2025-01-01,1494,332,99
ba85d7da-a467-45f5-883a-c85c12938d2b,4472dd7c-c84c-4b28-ad87-dfdedb533042,2025-01-01,2839,696,97
75dda52e-7c47-475d-a740-eff5548dc0eb,70f81222-e4c8-4f93-855e-0ea68d1beaee,2025-01-01,295,720,0
22e23e70-3142-4fb7-856a-348ed0a519aa,41c85226-edf0-4f3a-8c61-45e2c0b9373e,2025-01-01,6374,370,49
2e53256d-25e6-4171-9a45-0bf739b9a1b3,fcb5562d-417b-41f1-b98e-d3b6cd47e85c,2025-01-01,3583,798,44
0a2a3f3b-66bc-400f-9016-34290048357a,e5f33d34-6eba-4421-92b4-30cb705a5b31,2025-01-01,663,241,1
c78251d8-a14a-4c9e-8ec6-384dee8b4505,f5bdbd30-bba8-4555-a574-0a23adbe1f67,2025-01-01,7103,920,35
daf3506f-d393-4373-8eca-10ccd21dffc1,a4473dfd-6207-4d83-bada-40e2fc26d689,2025-01-01,9786,829,35
16d1690c-e033-465d-be8c-f2f5c6a3f2e1,a322d142-71cd-4f9c-bbcd-8a392329da2c,2025-01-01,285,440,20
727a642c-2e30-4be4-9dcd-2252ef8a1d7a,a78d6208-1f93-495f-a2cc-813ae0245945,2025-01-01,9880,881,45
f23bfa57-b5aa-451a-a74b-ebe028755921,8addc301-e137-4dd9-821b-af6a6a9d35d0,2025-01-01,9481,713,36
f6911fb4-862d-4cb6-909a-e261b2a98620,d70e624e-6038-4d2f-b068-afca913e98a6,2025-01-01,8774,912,92
4db4e964-ea7b-4c1c-a88f-c801a6c3fb09,3ee53054-a2bf-47a2-ab00-4bdec3a809e8,2025-01-01,1014,213,84
3b3b1ced-2439-4280-bb84-e4b8db08a514,a0ec8e6e-777c-4b26-86a2-6fc8471bafaf,2025-01-01,6285,752,57
e71bd14f-5010-4e8f-81cd-fd8bc7b75dbd,0c182871-78e7-4f6a-a877-804f431afe1e,2025-01-01,8540,274,92
91714f89-504b-4e5f-b00c-dc33af93ab5c,18dd1126-34b3-4ec7-a87b-1bfb7fb191ef,2025-01-01,969,309,65
a34f70af-648a-4e53-ac53-d13019ecdd86,9d876a1d-c3e4-4125-9980-641ca43c095e,2025-01-01,3380,165,44
21995ab7-86ba-4c66-9fa0-4318e273dc9d,c95840ec-79c9-47d7-af46-5d733d4cc2af,2025-01-01,6413,453,43
a1a7fa25-da0e-4ff0-b4cd-59e1d592b058,e0e8d597-c20b-4350-9e23-e545a3c5d317,2025-01-01,6703,89,3
6e212949-7552-41ad-8e95-cbaf5e558def,6de079c2-a93c-45c7-9568-ba837c157e1c,2025-01-01,7930,174,1
dbde816b-3c26-4bc9-9277-4254e338d7a2,e0da9b11-1ac3-4bb2-a511-84b4549afa20,2025-01-01,4338,736,47
745bf430-12bb-47c9-9fa2-a393e3b6e3a9,7eacb4ed-7d9a-4830-aadb-4466b1ce846e,2025-01-01,1975,210,56
06eac044-e4af-45da-90bc-d0c6f2d9cf49,cbc2bf24-a75e-47d1-ac1a-712548bfe292,2025-01-01,4693,788,64
71d3d725-656e-4a2f-86e3-940b013f9059,1586c1cb-dba5-40fd-b228-35e0f4a2e137,2025-01-01,7229,869,47
0ee1f03d-b54e-48d0-9e7b-cc7d0f1edc53,c260d3d5-ee8b-4f44-8359-2eeb6ae90261,2025-01-01,2057,170,46
e8f53c24-c5c8-42f5-bb06-4e9897d013b5,5e5981c3-7bab-4821-92cf-5487be2b1c13,2025-01-01,2204,238,42
7583adb8-126a-4387-b509-98492fae0c06,55210604-28ff-43f1-8c5e-e0ccd7d597d6,2025-01-01,1883,57,70
9f07f69c-99d0-4fc7-a0bc-78c2211e9246,e1fa450c-23d1-4a81-95fe-30dafde41b15,2025-01-01,3129,590,86
3353636d-b5c3-4695-98f9-5b8b3f33f514,b8f2f9f8-b4a2-4ded-90ca-2d83a5ee34a7,2025-01-01,3196,999,92
b6a65220-269c-4507-be2b-90e833a4f553,9e15e58b-7b78-409f-8b0a-989f5d350967,2025-01-01,2787,27,57
272e1a43-d9ee-48e8-b5fd-911c4891a621,c870df06-f8e5-4b2f-b854-9bd366ce923b,2025-01-01,1171,23,28
f9a04d69-bf08-4be8-ac5b-6dfbb09bc686,64c77275-40e3-4fdf-b4f9-ab87c64ec11e,2025-01-01,3461,396,5
99b71310-3a1d-4b6b-8b44-c78f67b00bca,d05fec7d-7cdd-42dd-ba65-74096a37e50f,2025-01-01,6022,886,30
c8d23170-115f-4def-92cc-3f8285b07e3b,85658a77-6132-43a7-9dc6-ce159a75dd1f,2025-01-01,203,162,17
9fbb2bb2-4446-4a25-9e2a-ed26584e44a5,58f65ade-2dc0-42bc-8c61-58d80164cbfb,2025-01-01,2202,372,83
f200cd9d-d658-41b9-87b8-5a047df7471b,7cb8a350-704c-4842-8013-7c1c4a75cba1,2025-01-01,1060,536,12
609942af-a054-4021-9f17-c78f0f69fb2c,925e4e39-2570-4d67-8183-df75e352d89f,2025-01-01,476,686,86
8b457ff8-69ca-497a-ab2e-b954eb1d10ae,d979c3c6-d1f5-4610-967a-8eb94e20a94c,2025-01-01,1949,257,91
206b5982-6b58-4e7a-9c8c-5a254e12b99c,9dbf19e4-2148-4898-bef4-f59f65589a60,2025-01-01,9904,292,82
eaf0ac2a-f2a5-4a21-aca6-5d04e8f9c2ac,ed5e6af2-e01a-4fd5-ac02-20ab185eaefa,2025-01-01,8185,141,27
02d2325d-6ce6-4375-86f4-1646ce9a8e79,a871ed35-cf34-4053-95cb-59a2f65b772e,2025-01-01,9698,698,63
03c4ef21-284b-44dc-a5c4-3537bd321086,22b7be10-8fd9-4c3f-9dc2-60b7cf97e02d,2025-01-01,4431,123,9
9db0682d-8862-4238-8be4-dac8a8cf6c6a,7105fcda-d40f-43bd-b414-1b5a44da3746,2025-01-01,5115,614,20
26d864fb-27ff-47e3-b03f-132784021ffb,26921614-bf90-4270-b70c-485fa0648b69,2025-01-01,7697,24,7
45537c3d-d893-4b29-8e8b-b8058fdb0982,e7b3c8ee-19f6-4f0b-82b2-e88e8034a988,2025-01-01,6047,575,73
cbf2463b-50bf-40a8-a663-9cbedb28ebf4,60981466-d21e-4d15-9ac5-4c41fc2fc8bb,2025-01-01,2183,766,21
f8db0a67-4b46-4663-8482-ebd9d5a54e82,f77c06a3-7a29-4fb7-803e-3f579b3991ac,2025-01-01,4207,140,31
9b956ebc-95c4-48f4-97b2-da55935cc3c7,bdce040e-3b5a-4dc3-9479-aaed52aa5252,2025-01-01,7897,946,20
0c773a02-af1c-40ab-91e5-f13e0938f1e0,213d2690-0ea6-4643-b17d-809aaecb9358,2025-01-01,4021,329,64
ab2c8608-02e2-4684-9500-1fa7241edfab,47938847-6f2e-486f-b786-a3eceb468480,2025-01-01,1304,352,85
b69d1884-cb9b-4211-8bb1-04aa7e71d563,6bbfc12e-5e78-46f6-8766-a0cf3eebd41e,2025-01-01,204,123,82
2ac1bcd9-5991-4672-a635-97ecc9eb899d,ae3654a1-b458-4ee3-b256-2f1339e07d32,2025-01-01,2105,431,4
772ea287-917b-45a8-908a-9d7027e3ab99,850bf9ac-f11e-4581-b817-9db557dcb8cb,2025-01-01,7676,447,10
0ace5726-f67c-4c4e-9f9c-796dbacd6fdc,d70e624e-6038-4d2f-b068-afca913e98a6,2025-01-01,9809,368,18
a6c1934d-2d8d-45a9-bf3d-e8ad6e7fedc8,c59dd9af-88a7-4423-840d-775d19ec1f18,2025-01-01,9265,384,14
a193ffee-4340-4808-bd11-5b50e637681e,148e0d7b-f04b-4900-958a-3ae911d14785,2025-01-01,9978,863,2
e5eb0316-462b-4f97-b7a8-2db0e517c5a1,578a2614-943b-49ab-939f-42f93c91e6b2,2025-01-01,5447,121,54
b34de01d-1b81-439e-90cf-8a3512b1711c,e7b3c8ee-19f6-4f0b-82b2-e88e8034a988,2025-01-01,4249,865,65
de2fd057-81cf-4d31-a789-962df782f6f8,e6d6344e-debd-4788-a203-aece2a89ce3e,2025-01-01,7662,94,41
5a9b9c18-7732-431b-9094-8959d8c656c8,2b2be175-6624-458b-84c7-0cfb5e03a0f8,2025-01-01,2910,636,71
820a0fdb-f0ea-4d6b-a45b-9ac7d5a9d9c7,aa365c5e-37f7-4c08-82f1-6863b0a67c2a,2025-01-01,9066,103,61
d53f15df-6402-4432-b030-5a95599502d3,a3eb895d-40f9-423c-aabe-9b3826bdff3c,2025-01-01,8478,17,33
8456c883-98c9-4366-af9a-b47460174ab5,6b1ff9b0-9981-42a3-ab90-9e035b5fd79c,2025-01-01,980,109,73
0492e052-0ae2-49e5-b362-ec32160684b3,58b8f4eb-2f44-4085-89e0-43ebe68c0a3a,2025-01-01,5875,957,92
69dc8e53-d497-4c9d-af32-1d18e1a934bf,7105fcda-d40f-43bd-b414-1b5a44da3746,2025-01-01,6998,233,32
0ad908e3-6818-4f79-b884-3ba2744217e8,4ff9c824-b593-4580-9d56-160ae0b52f64,2025-01-01,5225,589,90
c8142bcf-445d-4fbe-8a43-02ba48d4218d,ae204e79-e6f4-4c04-9a52-e5664c89699f,2025-01-01,4946,392,93
482d62ff-0148-4a30-8270-d6292ab7c0a9,414f1101-b3b5-41e2-a2e3-34f413f417f0,2025-01-01,9211,33,17
c9594d2a-daa8-4e1e-a7eb-7d1a8efd45da,b7aedb50-01bb-41c6-8282-58684b0e0b51,2025-01-01,3476,173,13
2fbc1abd-07e1-4c26-8622-41d0b942f6f3,59066a33-35fe-40f0-bc59-8c92029a856a,2025-01-01,4129,247,10
47bcb6b3-790a-4de4-bb1b-8b02a68a0b7a,6c7c0a46-ef0b-44eb-a362-0b74c6c133b9,2025-01-01,8317,952,2
a5248c7b-e00b-4b43-9cc0-cfcf6c2a420c,f992d12b-a879-404f-98bf-3ee8aa41752c,2025-01-01,748,13,14
70087b56-f4f4-467f-ab02-27f2ca8e8b4f,9313e4d6-2d4f-495a-b72c-6c8039a9a985,2025-01-01,4804,839,22
aa972eb4-967c-4b29-b1ae-d5bb840ca518,8530914e-b31d-4774-a9bb-a153e6e29136,2025-01-01,7188,358,26
cc1a54c5-7172-44e3-b347-aafbbf4aec43,8530914e-b31d-4774-a9bb-a153e6e29136,2025-01-01,1228,264,47
228b69c4-1fb8-49e4-b541-886f345d55e9,7189b766-e6fa-4373-8703-8ac0de824398,2025-01-01,8066,256,26
bde3a93c-9f53-413b-9864-086dd45e188b,3b6cca16-c7a0-4a2f-96a5-5b31b87812dc,2025-01-01,4870,413,47
a69f179b-6272-4fb9-9bae-853833eff500,dcca0b7e-4cd6-4b95-8dab-c00d53be6b2d,2025-01-01,5117,814,99
ba591eb5-021d-4a8a-8e56-7340acb47842,3564f8a0-5021-4c80-808e-26dd1021c174,2025-01-01,6359,892,6
e76109c0-55d9-4011-be41-b429eb81d2f5,b5e2a2a9-c296-4795-8052-9aa25678508c,2025-01-01,9397,283,24
b6599f35-60b1-46ad-a50c-b2026d0ebb84,03ade0cb-ec91-4123-abf7-2f65e7f4427a,2025-01-01,8426,516,36
f038e8a7-78e0-41e6-8320-be16cc421bd9,c249e5b4-2893-4265-adf1-2de4c4ec4451,2025-01-01,3689,863,41
d37cc03c-a63a-4584-8671-435a444a9b09,ecdbc2d4-ad77-4ed6-a44d-262f9f47293c,2025-01-01,8803,621,60
8bf5d929-7648-44b7-98e2-eef25ef01d54,255d05dd-46b6-4f47-ba35-2cb8adff852f,2025-01-01,7678,174,61
da443b97-f037-4657-b798-52524b40ca13,9dbf19e4-2148-4898-bef4-f59f65589a60,2025-01-01,7931,810,69
0b512ea5-3262-486a-a471-783ea44c4401,b99e18b3-a1a0-4ffc-8484-3fafb0fd7d05,2025-01-01,3154,616,14
b341404f-e947-4495-a202-f7380f8177b1,8e2eee20-eb49-4f85-b050-134083317659,2025-01-01,2944,198,45
333e236d-99a8-4c5e-a465-c59aa109a9e3,3564f8a0-5021-4c80-808e-26dd1021c174,2025-01-01,7127,191,36
3466e33e-3c38-4527-a27e-728aefceca3a,bc2a2e0e-07f0-43e7-a2b8-9fd28fc35ab2,2025-01-01,8238,499,18
811fb55a-e77b-4ad5-b52a-11b3c740564a,0634f46b-2531-4399-bf25-26f7fbb732af,2025-01-01,2839,74,12
ea095e99-9e9b-46ed-964a-75f46e1430f8,255d05dd-46b6-4f47-ba35-2cb8adff852f,2025-01-01,3211,942,70
b3426045-564c-430f-ac66-d542537cf8a7,1a822132-adc2-4e40-8932-2ff7ee571089,2025-01-01,7785,439,94
ed6e0016-377a-47bf-ad3f-15bd4f3c31bf,dc9b4e5a-9d4c-4396-a6d9-54bac02f81bb,2025-01-01,3962,289,97
bf9ec969-7ba9-4e40-a370-f881f39f42c2,6933f6ad-872c-43a3-893a-83901482d707,2025-01-01,9038,919,43
d7536cf8-91e2-4bee-a615-1acdfa64946f,ebf2ca6c-b691-4b8f-a4ff-42d602af9151,2025-01-01,8734,393,35
0d75f161-2d4d-4c3d-8653-87bb72fb7c39,f02b4656-c319-457b-9229-cba38b0d2a0d,2025-01-01,9615,615,64
25357c5f-664d-4fad-8cf1-3ebb70aa2921,72cc668f-c349-4e0e-9795-d8cd5c9ddd5d,2025-01-01,8394,231,98
902cf5c2-adf2-4faf-abca-075d6f40701c,4ec40481-40c2-43db-bf5a-5200bd575571,2025-01-01,3776,862,35
a391d916-c49f-4c5c-9e45-39e44b4abed2,64c77275-40e3-4fdf-b4f9-ab87c64ec11e,2025-01-01,5966,532,92
d2ff7b4d-927d-459e-85dd-e13ef8c3ddd2,255d05dd-46b6-4f47-ba35-2cb8adff852f,2025-01-01,6613,810,56
3c99c8fd-334d-4c39-9221-bda831d38a53,9d77346c-54b0-4484-b7cb-e4f12e174116,2025-01-01,717,894,26
bc99ec87-bf03-4c01-88aa-853426fa370a,02f3e7a0-7fd2-4481-bc3e-2867d4e88b5e,2025-01-01,1261,104,53
db3c5c43-3cea-4e6d-96de-c9164700245e,c138d1da-0e95-4b1d-9c98-b21502a8c088,2025-01-01,5644,181,37
6afdb805-aacd-4cd5-9f32-d9b8d2985d8c,2bf9d5fb-839a-41f8-bd72-b6b39206a13c,2025-01-01,1865,551,18
134c43b5-035c-4f62-80a7-2ddcd279a4c8,b29586c8-2162-46b9-9d98-124ef8edd527,2025-01-01,3360,378,12
3e1f44ee-0e6d-4a06-b15e-670632af92d7,d1630440-b72c-487e-b308-d3b36cfa2bf5,2025-01-01,1314,372,7
aa7fb4b0-82af-4f63-8e81-3e11f4e1fc88,633b8412-4f4d-427c-967a-1514d6d6dd43,2025-01-01,2101,28,61
a8eb38cc-ef7a-470d-b887-17bd74180939,ac64e220-470f-4d6a-bd92-67599403acfc,2025-01-01,2335,978,44
9ce87295-5281-4e52-b2d6-d176bf828ecb,11b543d1-28ba-434b-b33c-b2d0a7bcd6cd,2025-01-01,6954,358,7
d8cbae83-9390-4ade-8f24-7da2c8ef6a55,93d91e58-ef3c-4566-8c45-f9171dfeb4e9,2025-01-01,1716,432,81
bdf753f9-5b5f-4441-aff0-abc1ff30b262,3ee53054-a2bf-47a2-ab00-4bdec3a809e8,2025-01-01,9783,287,29
4724a279-f601-4ddc-8064-f88ee775d470,f1c9a543-696d-44ef-960f-b52249d21ad3,2025-01-01,7887,595,35
c71d6816-247b-47f7-8f75-f406ef7e1fb5,0c182871-78e7-4f6a-a877-804f431afe1e,2025-01-01,9697,100,41
b407eec2-e762-4793-8804-e92f78d18051,b99e18b3-a1a0-4ffc-8484-3fafb0fd7d05,2025-01-01,484,197,22
c1f8d74d-729f-48ae-9f73-da507d382cc8,6e05649a-837c-4931-a52f-f32b332c686e,2025-01-01,5787,243,98
b875fcd8-4242-4354-b7fa-f9040d831cac,c8d78ac8-9f50-4876-adc6-97bf5c1befcd,2025-01-01,5900,960,67
dc0a2c0b-5d4d-4937-8933-d1142dd92f17,356031a6-eed1-4c32-b6f7-cb11d278e2e9,2025-01-01,3904,396,96
7fbf25df-aadc-4f72-aa03-e0ee3e62e1cd,70760b87-4073-442d-9a9d-d030840ed0a4,2025-01-01,2071,244,19
f2ff49f1-fe29-4c2e-a4d6-7c2da570c008,a488eca7-6c54-465c-9d1c-9f9aaa02cc40,2025-01-01,1862,418,55
30b20b5f-f46d-456f-b848-beaf96064255,704f402b-79a4-4978-baed-87b4f4db8ffa,2025-01-01,4306,269,7
73066487-b361-4759-9364-55051dbf24d7,cfe4a590-20ec-467e-9226-ceb9fc343c39,2025-01-01,6163,507,78
e30d79ec-8080-4b1a-b150-eea26f3d5b0c,3f8d3b63-57ff-4edd-bc2d-6a07b6434cae,2025-01-01,2032,575,17
06f8b353-5295-4825-9c31-8e8dfadb470d,11123104-0689-4fc4-880d-792fcba677d6,2025-01-01,8541,728,74
0a165304-9d70-4a5b-840e-b45f7ebe6a80,47101d29-9f8a-4854-89f7-644e3308776e,2025-01-01,2775,871,85
a52f71b6-b1d7-4f7c-a36c-5659ad4eec32,7d0d67c6-aab7-4435-a5fd-95c96b84c9a4,2025-01-01,8500,467,55
3d0a374b-986f-4375-93d4-b08634538790,975e7ca8-97ec-407e-b94a-93c9b3a75622,2025-01-01,8419,682,89
256f3e57-bf59-415f-9520-13c53cf1e49c,15fc7d9f-5aab-4ab0-9dc1-89027112ff7e,2025-01-01,2323,662,26
d0717092-77af-4607-b3b1-ff72e715e55e,37ffe8de-dca7-4b77-996f-341cbb8d340a,2025-01-01,9133,764,52
bd9036af-d117-4cf2-b90f-b1a947be9969,9057d7f0-2be1-4f3d-ad4a-986ba6f121f0,2025-01-01,8171,24,67
d5ba5473-99f9-4699-a1ed-d34ba3205a02,d71b96f8-a36f-4d3a-8bef-77350e5cafca,2025-01-01,7689,803,40
f7c9c45d-12b6-4c88-bc47-712a9ac58106,350f1fc8-11cd-4b22-a3e6-0d4d23d83667,2025-01-01,1196,626,68
b1733141-0cde-46de-87ce-c84781e875e1,959d815d-bfbc-4f68-9405-f8d8eea87095,2025-01-01,8240,902,69
920a6d25-8171-4e1b-85a4-b7358bcfd3ed,e5acb304-1e56-4c4d-8df3-95afc9a31db2,2025-01-01,4310,597,32
53dda862-e3c4-49aa-bb19-ca89a48f6652,7b9d18c7-887a-45af-af8f-72bcac749070,2025-01-01,5624,711,55
de16567d-f293-4a7b-9a5a-46618f91ce1a,82ea7efb-dd18-42cd-a4e3-9e2f4519beb5,2025-01-01,9809,932,78
3a97e310-8e44-4c08-9497-83fbdfa1ba7d,02f3e7a0-7fd2-4481-bc3e-2867d4e88b5e,2025-01-01,474,649,34
54e870c8-2a09-4a10-b7d3-9665ab505886,2fef14d8-8b75-49f2-ba30-7192df0d8f0c,2025-01-01,6330,24,32
011fccbc-ea2d-4b58-9e3b-2135ab733ee4,c249e5b4-2893-4265-adf1-2de4c4ec4451,2025-01-01,1470,785,76
bf8dcdee-692a-4ace-8096-88381b10ed15,d5a6fd42-89c8-4ba0-8785-520c7d6ed022,2025-01-01,6300,441,33
67eeb0b0-c655-40a9-90d0-bcd12653a630,36c4b5e9-8583-4705-b7b5-e7785fd78845,2025-01-01,6321,75,56
48239923-7cf6-4cca-954c-0a6931ec7ccf,04805723-e858-4e79-a23f-c9b482b429b0,2025-01-01,9903,610,14
f9b2a69a-98d9-44d9-9d2a-eea0e8b4a991,43a30b56-833d-47b3-99ec-19139f8c6406,2025-01-01,4887,373,28
ceb28a60-c32a-4f9a-b4b4-c51781d095da,5aab3c8f-bbc8-440e-b744-53130efc3941,2025-01-01,362,693,90
5c3530b7-1698-4f3d-9f5e-b93fa4ca8e57,4ff9c824-b593-4580-9d56-160ae0b52f64,2025-01-01,4864,727,66
1ee1abb6-1a40-402f-973f-db1953240e3b,3ab7fb4f-fac8-4cf9-b21a-2537797164bd,2025-01-01,2092,951,18
3f966a8c-4e6e-42c8-80f7-e43cdb119534,fcb5562d-417b-41f1-b98e-d3b6cd47e85c,2025-01-01,5495,596,49
ef5b4a27-dcd2-4f9d-90b9-64b5962b0958,d979c3c6-d1f5-4610-967a-8eb94e20a94c,2025-01-01,4599,679,12
344365b1-fa9a-4dd0-aa2a-d946695d2c42,cbc2bf24-a75e-47d1-ac1a-712548bfe292,2025-01-01,1752,332,38
21b23b7e-18cc-41c0-ad91-96209e3cfc2e,b7aedb50-01bb-41c6-8282-58684b0e0b51,2025-01-01,9429,393,90
84741257-391a-4a89-aabe-92f13d4b1ef0,56705c38-be7d-4b0d-b63f-a293b1741bab,2025-01-01,5714,784,2
5a38b636-3755-4ea2-b9a9-cfd7ad1527a6,3b4cb02a-2f76-4b56-b30e-023abc6e31b6,2025-01-01,7498,921,12
278cd444-ddc7-452d-a9e6-0685c5b082e1,414f1101-b3b5-41e2-a2e3-34f413f417f0,2025-01-01,1636,260,49
4b52afd4-f445-482c-a26a-4b43b8affe92,ce16474a-994b-439d-aedf-1d4c0fcbcadd,2025-01-01,8441,262,97
b91f3d8e-93ec-4f66-8ce3-ee582a631114,e5eb8fc8-8b60-45ce-9cb5-756e3e217fcc,2025-01-01,1662,697,90
d4034e43-bcc2-4b88-a48c-8e2cd3a7fd87,e3e00b5d-6736-469b-b889-6032612c3576,2025-01-01,8326,179,63
368d71f2-8790-49af-a4c4-69e07f367feb,7dd03376-37bc-4d80-a926-9e31ebf3e9f7,2025-01-01,5887,235,70
133259c9-4caf-49b1-b5e3-14d682688039,f31ab9f8-0319-4e15-ae07-c64c9bad89e0,2025-01-01,5985,648,65
279312a8-2c44-4d37-925c-92554a553f66,9b2eefd1-7ad8-4698-a0e4-2b0890f0ea5f,2025-01-01,1501,379,99
d979e966-d8ca-4b3c-9755-961e07cf694d,c20121ee-13c1-4273-92c4-1191f0fd29f8,2025-01-01,4757,417,11
c8b4be72-4a5b-4b4e-a923-abde748de9ee,ebcac167-a798-4723-b315-411712190147,2025-01-01,7321,862,54
53769dc9-e19f-49da-b2a0-c176387951ec,6111c8c8-9c17-44da-8e32-6e04f886e886,2025-01-01,1723,684,37
7aadd707-e293-4784-88d1-842e46f20cae,fe844fd1-ed65-4a2a-8044-63769a52a973,2025-01-01,6159,60,63
4b9f135e-e53f-405e-84f0-d6825a98cf78,a1077de8-df92-4642-a83b-68d369342932,2025-01-01,2603,497,92
4b6988dd-9b9e-47b8-8aff-b450a55921d4,547c16cf-9597-478e-b46f-2fefac469736,2025-01-01,4838,718,24
a98b4fe0-a03f-487e-8c1e-e74f53d58b74,1803360f-9744-4fb7-ae36-f68dae3ac544,2025-01-01,8939,473,51
145f4f54-9b8d-406c-8bc3-809676e197ea,74708ee0-7548-414b-8860-d313397486a5,2025-01-01,3411,548,89
05277e6e-de36-4c4a-9c0a-aea90e183de6,692013b3-ee82-4783-8bb9-f0df175985fe,2025-01-01,5427,374,91
73821b9f-b1ce-4ec9-9a89-138554d7320d,a7bdf035-3d23-4837-80fe-20f5f80f4371,2025-01-01,6181,724,46
07326bf7-8e3b-4a73-90bb-e52bbf2abfc4,14f56522-6e81-4066-9cfa-c98791636e4d,2025-01-01,6014,992,14
7e726304-673d-4e4c-bcd2-f8091d93b036,a4112674-617e-4aa0-9faf-a13ca1f02812,2025-01-01,6227,90,88
be3108c4-9d9f-409d-87a3-d26b22e1a265,a04bf9b9-d959-4677-a6de-29c1ee96685a,2025-01-01,8894,656,38
f59bff75-d7af-4ef0-be8d-6b6ab3b7fbc9,1f4b31d7-07ab-4b36-8151-ea0b78a64088,2025-01-01,1109,347,84
e1efa8d7-f8ed-46e3-8cef-ef6f1f4983f0,76c338d5-e2d5-4436-8b70-7101632428cf,2025-01-01,8474,450,48
f9fb9d1b-f02f-4251-baf8-59eef6581fe8,ae0371e4-cc5c-4f92-9529-1d82d2d000be,2025-01-01,8282,557,39
580f3b0b-c6d2-435e-b761-bc71b2becccf,53ca289f-9532-4c3d-8d36-428bd08a5a61,2025-01-01,4553,687,40
15ed55b8-663b-4601-a1a9-8e8c336b1583,75345811-b674-437f-bc51-44405c7a734b,2025-01-01,5732,453,2
d955a460-df9c-4ac6-8f97-6b1387fc4fe6,1d53243d-61dc-4cf2-b23f-13d02a321a55,2025-01-01,5734,699,25
58037de5-3a32-4935-9a31-8ac756f6c804,9a9c786e-38e1-49e9-9d0b-8ce29757d25b,2025-01-01,6579,3,77
24f53113-6f4a-439d-9982-b467d84bc837,255d05dd-46b6-4f47-ba35-2cb8adff852f,2025-01-01,2785,408,34
eeeb7015-e0b8-4afc-8372-b6827565a24b,805df634-a117-4492-88c5-f08d8b2fc31c,2025-01-01,8983,332,39
5539a5aa-3426-4591-b7ff-883d24fdf6ab,183cba41-aefa-4edb-822a-a66bcc819102,2025-01-01,3013,140,73
2d2685fc-386b-45db-b644-a3eb12b1d61c,1dad9f63-053b-42e1-8b62-7f4281af6a20,2025-01-01,9708,904,58
9e7960dd-b779-4b49-b17d-fe9e57e388c5,19a7022c-34d0-4cb2-a560-a7679e0cf1e3,2025-01-01,1977,911,78
48ef280b-c98b-4603-b5db-ff59e12e967f,805df634-a117-4492-88c5-f08d8b2fc31c,2025-01-01,9264,794,36
5da7f927-8838-4516-b776-ef3105f45825,8456bcef-690a-403a-b14a-e16c375a0005,2025-01-01,4298,220,74
92ebffee-ef9c-4497-9ddb-372964005e33,8eea5949-c173-4644-8bca-f1abefc81795,2025-01-01,8579,32,48
ff146466-0287-47f0-a7f7-51cc8bc65859,9e599ea8-4d27-48f2-a4c9-e26d70aefc40,2025-01-01,9924,513,49
fede8a49-4610-4a2c-b904-f5924d8b0b5d,1cf6ef5e-e9e7-40b6-b0e7-c37e6106bb14,2025-01-01,8210,639,79
05c2f2ff-b16d-4908-887b-c1cfb3ea9294,65dcc53a-0455-4c36-bb6d-37227a84d267,2025-01-01,4666,906,17
e2fe4b5a-84ad-45d4-be7b-a3a0d5044153,69e76ee8-1f15-4a43-9332-125c3d3fe531,2025-01-01,2110,219,62
4bdec9a9-14d1-4643-99d2-874054e63099,f963496b-4b90-4402-a88e-364bdbb28cef,2025-01-01,4870,779,35
04f4dd50-4672-464f-afb3-37343aff3600,9f1fc12b-e8e2-4a09-a107-6aaa48fb5618,2025-01-01,6046,290,97
96e94906-9b82-4f31-a710-2882cf786a31,c870df06-f8e5-4b2f-b854-9bd366ce923b,2025-01-01,1202,190,10
29279c0e-44a3-4a8e-b523-d0fc5fc28bcb,afd31e20-d2c3-4b3e-a6d3-31d7cd3fcde1,2025-01-01,9675,536,97
d6e146ec-e2e6-474b-b901-cca1c317c3d7,b5cc4593-58c5-4acd-a355-253f2fe06d1a,2025-01-01,2434,701,76
19a1e14c-21eb-4566-8fc0-0c2a269fdf7f,915a6ab5-c939-4b31-9a31-8d8dcf98b9aa,2025-01-01,4833,850,16
8e1490b0-dd33-40b8-9c64-860159d52206,70760b87-4073-442d-9a9d-d030840ed0a4,2025-01-01,45,912,37
9d436dd0-3112-4ea9-bc97-673244ac7a0e,ce16474a-994b-439d-aedf-1d4c0fcbcadd,2025-01-01,2360,340,57
8a017ddf-beb0-43ab-ba8d-f81ed25d3c9c,401a0b48-b220-44fe-b87f-6b2d34913ed3,2025-01-01,6669,399,96
6cb66de5-5852-455d-9567-cb023d07ea11,0c36f20d-8c39-489b-a59e-fa2d13283291,2025-01-01,829,685,78
473409d1-c3b8-4924-a4a6-1f3db71741fc,bf9685d6-dca1-4d51-a9d7-45353fc6adfe,2025-01-01,4983,34,68
fa37f7ab-a8b3-4f54-ac92-30c49a7319ff,53bec6c0-d53b-484b-a66b-9dee017fe0c0,2025-01-01,7220,663,96
b9e0007d-ae9c-42e1-9f88-c3f6de127c57,ee756995-0b0f-4d8e-8ba6-5b0ed91b49e6,2025-01-01,3418,198,72
834e9e25-7a54-4f4a-8bef-f18c0a8b998f,3a078995-6415-427b-93fa-1dccfbfaf262,2025-01-01,341,183,26
138759e6-edf4-49ac-b471-a34cb4224c7f,a0f2a71c-8e64-4f7b-b50e-eaea149ab5af,2025-01-01,6013,264,41
7f38011d-6089-43e9-864a-630200010587,77f582a8-25ba-4e61-95a2-9aa147fa18e5,2025-01-01,6712,411,22
c5f4cc8c-d4bc-4fc5-81bd-c108ae3be1b2,d7e48750-247b-4a52-a227-bed98c316dd3,2025-01-01,3200,695,8
5203102c-80f0-45c1-a81b-97aea6329729,88062b56-cf2d-403b-a8f0-da5f5dbff738,2025-01-01,9689,158,59
dfc0271d-3ef9-4da6-8ae9-654244d320e1,5572acc0-dc08-438f-97d4-ba9393ca3700,2025-01-01,9480,595,52
306fec4b-6da7-4ef2-8bc0-9da893114ccc,2feda872-1906-4908-a8ac-a1e57b80d10a,2025-01-01,189,689,26
03ebbc05-daba-44f4-9d43-d74a9c13cc0d,90859dc5-f7c5-43af-9db9-3a4d84bb19f9,2025-01-01,989,116,91
c26c2db5-801a-4463-bea0-15877d38027b,ae160ce4-d294-46f0-8284-ca02ae64df5f,2025-01-01,4889,162,44
01048b20-7a14-47f9-941f-b97342f43bc0,e5f33d34-6eba-4421-92b4-30cb705a5b31,2025-01-01,5326,491,77
36ce7d7b-775d-4ddd-9f44-1cecbf614e0f,43cdced0-d488-42c2-b847-46bd23686353,2025-01-01,9691,815,77
f2381d17-870a-453a-ab71-5825770f20f0,5e04304f-d8f3-4ad1-9c46-0b15cc661d69,2025-01-01,9080,826,57
9694e589-b85d-486c-abad-99797db3e447,8b1c4024-1bf4-4287-a8b5-f86c0eb7248c,2025-01-01,4768,293,58
68c17c2e-da14-482f-baf8-ef3c25defb63,17a3088f-4c1a-4ffe-a5a6-2b7e115e5be0,2025-01-01,2869,785,83
38dff910-a041-4eb9-b854-aabf4ec96a55,25d097ed-131f-45c2-9a43-62595431f115,2025-01-01,9415,518,65
ea0e79e4-74fd-40b6-9db3-572610ae67c7,5d8c740f-1cd7-4117-a868-07f085404e21,2025-01-01,5245,792,24
8ef44563-351e-413e-84ea-533876861705,17a3088f-4c1a-4ffe-a5a6-2b7e115e5be0,2025-01-01,2697,392,97
0f31ec19-096e-44c8-8032-e303c3fcbd39,a1844843-aa40-419b-b024-3c445fe9a530,2025-01-01,6885,573,91
c6a2293c-5249-42b6-a3bc-ff43d5c86a65,e33d2572-627f-47f5-bd81-c4084ff32bc7,2025-01-01,7742,58,99
a82006e0-f347-4a83-be69-e9e703615447,debf84bf-0fa9-48cd-b9df-55b588efead5,2025-01-01,8090,219,22
3e0495fb-34ea-489b-82ec-38463aeb57a4,eebdbc5a-95da-4ec9-b66e-57bcf2087351,2025-01-01,4573,727,82
65b73b46-b41a-4452-a9ae-46fa8a55f0b0,20e56c9b-d850-48da-a9f7-dc08b2d2013e,2025-01-01,7423,26,64
18098287-d1d1-49c1-9501-00a4c7ea23b0,69a39a18-5f01-4a5d-bc02-43209eff9bb8,2025-01-01,248,866,61
03ad5cb5-ab72-4978-8d60-c2125ea9d802,93578d8d-c22f-4340-b36c-505b5fc275e9,2025-01-01,3418,462,68
5f9920f9-644c-41f0-8d2b-1cc939c29b50,86da9130-6525-4408-bae6-91ba731f6497,2025-01-01,5263,298,12
a366064a-0962-40b7-a932-9dc814203cb2,d05fec7d-7cdd-42dd-ba65-74096a37e50f,2025-01-01,8454,10,61
dd08eef4-37c4-4200-906b-28ab6b3daa5c,c35d3f44-ea55-4a06-b52c-fe32e16a21d5,2025-01-01,9370,830,87
6daec7bd-52b6-49d1-bf7b-f5447b6ac851,656ba777-d04d-49bf-afc3-3fd1d428b57a,2025-01-01,9463,246,4
8a8e35af-ef2d-4a87-9fcc-99dfd88b7253,a731301c-56cb-4409-a4da-9aed7f6ecfb6,2025-01-01,2175,485,95
c85ece80-25fe-45b4-b4c7-8ae561ea42f6,5d66bb31-1b26-4a41-b20e-c320982d5f15,2025-01-01,488,606,95
a223fb0d-2703-4132-91f0-747e045ace57,38062937-2622-4f79-b9cd-4a13e36959ba,2025-01-01,42,783,49
eb7a67b3-651c-47af-ae36-a6eb168751db,154f15eb-d4b2-4b62-8088-90920093ceec,2025-01-01,3994,236,79
b1c49fb7-ad73-4d80-825c-4d95202304ed,c3acd28c-149f-44f1-bf63-442565e31ca4,2025-01-01,3585,568,24
fa6d4433-2539-4238-8418-e554bc7ed382,d4e146e3-ca2d-4ce8-b668-49381dbf698f,2025-01-01,4261,618,62
896cd12f-a9bf-4c49-99d2-00181aea01ed,dce31788-33cd-4f6b-81f7-b654dfe1749b,2025-01-01,5571,153,5
fa881101-72eb-4cde-a2a1-93f00302a985,c9a095ba-7910-4ca3-ad92-0deb05746b84,2025-01-01,1079,401,84
4eb6709a-575f-4773-bef6-10904033a7db,f355dab8-270d-441e-859c-ef1c034a66f9,2025-01-01,3837,162,77
603d51cd-caea-4f76-868b-eb2718a4e6f8,b7390aae-f8f7-431a-9c1f-bb8e98a9fbf5,2025-01-01,1066,833,89
517bc6a5-951d-49f5-8bc9-f6ce7a7c76d3,3da30da7-340a-4fc8-beaf-10397164baa0,2025-01-01,4277,446,63
fdeed334-b2cc-4f4e-8ab6-577c45b61c99,56705c38-be7d-4b0d-b63f-a293b1741bab,2025-01-01,4210,181,19
0371de30-6557-4851-bfa9-e2345c2d0c47,ae731234-9e0a-4180-8257-44b35fc3e711,2025-01-01,1073,475,53
d7d480e7-4630-4282-897a-c819040266a2,d5a6fd42-89c8-4ba0-8785-520c7d6ed022,2025-01-01,9151,667,93
07b78ed9-428a-458b-891d-b102e5b1f241,33329b71-36b2-4bcc-bbe2-553c8ee84832,2025-01-01,305,375,34
9c581223-19fe-4f7a-913b-531a824cfb6a,4e8d44bc-2909-44c3-9cde-7e5fb16d4716,2025-01-01,8603,431,38
b437c211-dd0e-45a5-9b66-7c0f9a86785c,fc2aeddb-a2d0-4ea6-87f1-fe4a94cc61f5,2025-01-01,9141,142,49
b479b3a5-7dbd-404e-b0b1-0b0f4483098d,692013b3-ee82-4783-8bb9-f0df175985fe,2025-01-01,511,764,15
3f7134fd-80af-4194-b018-1c0f43715fba,94009203-702d-42ba-a645-0ff142bed5f0,2025-01-01,3367,771,54
3eea3258-1716-4dee-addd-5e8ea4545a7f,a13fa6de-b839-409b-a1d5-a9a16702538c,2025-01-01,7279,97,92
11f79345-11f0-482b-800d-fed1cdac5aed,80250ae3-950b-491c-9350-bcbdac72f40c,2025-01-01,2842,349,81
676b2d59-beb8-48a2-9536-8fa52b29dabd,c7f24534-0160-48b2-a8f7-967e540c6424,2025-01-01,5262,573,18
4d1040f7-ee3e-4c40-a1a1-aa2939b28c5d,14577fd9-f7c2-49d0-ae35-a723cd95f2c5,2025-01-01,272,930,97
741c521e-9cf7-45d2-9793-88152db4992e,4fbc6070-0799-425d-a4bf-71a324c9848e,2025-01-01,658,441,79
6c82e153-9eae-48b7-a3e2-c85ea45b09c9,704f402b-79a4-4978-baed-87b4f4db8ffa,2025-01-01,8858,607,29
05aa9a5f-490a-41de-abf6-e65bfb415cea,dc9b4e5a-9d4c-4396-a6d9-54bac02f81bb,2025-01-01,9512,982,57
7bd7aaf0-5a20-4e4a-86b7-3d230720957f,ae0371e4-cc5c-4f92-9529-1d82d2d000be,2025-01-01,1703,189,65
08069fdf-1c70-4413-b1f7-b3562e66b2c2,54ecd295-c510-4c08-a059-1aeb7a51f619,2025-01-01,8199,676,90
39067440-bb26-4ec5-811d-d25583696226,8f80ad72-9d59-4d43-b148-04c7e76e989a,2025-01-01,1844,343,37
b5210c42-7763-44a6-bcc2-31c0e694656a,1352790b-9991-4d2d-b670-cd584b41bd31,2025-01-01,7902,437,78
915d6b43-0457-4f2c-85d1-ac0927b3d87c,dc438e54-6408-4910-bdcc-a283e1644042,2025-01-01,8487,650,40
caec0182-1f7a-46e7-a7f0-69586ce75948,40036de9-8633-4570-b3c2-aedca99ebb71,2025-01-01,6734,879,7
0fe48235-07a3-421f-88db-c3e588aad720,7189b766-e6fa-4373-8703-8ac0de824398,2025-01-01,680,680,31
8d0246ee-7e61-49b7-8558-f9c1e79108dc,db1d83db-fa9d-43e7-a568-f5cc5a95b107,2025-01-01,6726,660,72
6bc546dd-dd3e-4b28-b825-a2a307ae4281,644f3ecb-3ce0-4665-8f84-cc6e7dca87bd,2025-01-01,6696,460,21
c97617b4-d4bd-42a7-a9e3-b60ea56db30c,6e94f0bf-6e32-4f8e-a657-e6c13e52fb18,2025-01-01,6567,802,97
57172aef-c67b-4f95-a822-621c8eb1c77d,5e04304f-d8f3-4ad1-9c46-0b15cc661d69,2025-01-01,7924,619,94
896e45d8-dbff-418e-9647-6a7f32a08451,ee581dbb-24ee-4d3e-85b6-84ea99bab70e,2025-01-01,7132,356,61
4ae086f7-992d-4a34-8396-d3fce45f9c12,d386dd3a-12a6-4f54-bd0d-eb6696361dca,2025-01-01,6048,292,55
2b9e8adc-77d0-4c07-bede-54298dfde5a7,ae204e79-e6f4-4c04-9a52-e5664c89699f,2025-01-01,8248,541,17
96572d0d-f460-40dc-8fd9-f6b4817a8232,8a395b7e-9c66-4785-99d9-e143f9f1ac8e,2025-01-01,8868,691,24
c8408dda-13af-49bf-874e-3c812e55079d,aea279a9-7151-46e6-8796-d3042d766054,2025-01-01,6269,603,30
7e7b412e-61b8-4c1e-a91f-e185adb026ec,7907cb9b-0b7b-42c1-a49f-e28cba388882,2025-01-01,7150,540,76
76715d53-f53f-4052-a268-7a9d6d53734c,83213ec8-1b45-4bf9-9a5f-22b868d3dec5,2025-01-01,3101,671,27
26138904-9730-43c7-99a6-143ef0c2edcf,472cf2e4-5be1-48bd-b38d-81270099d2a6,2025-01-01,7971,474,21
14e3ede5-8e34-41e5-9591-8e7dea498303,cbf8bd30-c7d7-44ac-9036-86c91fc4e228,2025-01-01,7459,177,78
be439164-c4e9-4f28-94bc-acc2adce3929,199cd37f-ae78-4fe1-ad8c-4e982e6cf385,2025-01-01,1602,696,67
438db8c1-e0b4-4e17-89b4-d40b3901bd34,8379880e-66f4-4971-9857-b001175f08af,2025-01-01,4114,498,61
04adc0c1-951c-4970-b3d8-073644a76343,22711a77-2eb9-4c75-8e15-fe0ff21f1345,2025-01-01,5440,939,41
f4463c96-5137-497e-a20c-444e5b985dd5,d8646a76-087a-4b11-8307-6eea30c07d23,2025-01-01,2923,796,70
d06eeb88-3221-4198-b845-438056ccbbe9,8379880e-66f4-4971-9857-b001175f08af,2025-01-01,9770,593,81
9592dbd7-c725-43ed-9b37-ed6e1b564dbc,f927db62-c45b-4b36-9f8b-1a84a58aaca5,2025-01-01,7807,566,28
542e15f0-2eff-4da4-8ee8-65eb807b1721,2d3e5099-07dc-467a-b90c-d3803f48b37b,2025-01-01,786,471,64
665ff973-201a-4c7e-9f71-96b77a40d4e7,119f266b-4be8-448c-9052-b05fb716767f,2025-01-01,1118,829,58
18fa8067-7625-4f24-bda1-054c762ff8cb,6ce44609-935a-4eb1-8cff-ba4665c9761f,2025-01-01,7304,461,28
728f1484-825c-4aed-b2fb-bc47dd9c10b7,4e8d44bc-2909-44c3-9cde-7e5fb16d4716,2025-01-01,8088,607,8
f440f1d5-713e-41e7-8e88-a11f1b960ad4,586d2bf3-4330-458a-99e4-64ee921d9a30,2025-01-01,4687,596,61
f2ad22ca-49a8-4916-98b7-b30c154acd2a,d3be4c6e-a827-49d2-bcbd-91022bcb16e4,2025-01-01,4366,905,72
eb1724cb-886d-46f5-a0fe-9ce46b59f102,46063565-a3ac-47b4-a636-709751923d17,2025-01-01,3695,364,9
7ad23a50-b95e-43f9-b224-7b86e13032a2,5f99d8f3-27ad-4a47-869a-1cf2c607804f,2025-01-01,4655,387,95
9c66cfe2-588e-422f-a114-e2f74fc94550,0df12078-44c9-4e89-8689-6aa5b3e95a15,2025-01-01,2258,611,9
96623ae6-b760-4cec-8574-5e9e1a0676d9,3219cc8c-7eac-4963-9ed0-b3282a6cb86f,2025-01-01,4654,322,94
cc7fa7d6-fdc8-4d63-999e-c5764ca9fc85,1cc74550-377d-4508-b377-4575f9db67b8,2025-01-01,30,79,61
7ff03647-b4ce-48e3-be32-937de7a12624,4112230d-5d96-4805-b0a3-afcd870b551a,2025-01-01,5261,497,87
c40c8207-8478-48a6-bc2f-b43681d594ba,6a785516-2299-41b9-ae25-24c416cae5e2,2025-01-01,8003,725,68
1105228f-841a-4660-a625-0d71e4637552,bab49818-5201-4c8b-b260-91d0fb9194fc,2025-01-01,2378,62,54
6b5f8f25-6f48-4370-9c06-5e581daab057,dba59fee-6dfc-47cd-87f6-b6d7092510fc,2025-01-01,8687,246,90
fb942ae6-8a85-47f7-bd56-b6537b59ac6d,d386dd3a-12a6-4f54-bd0d-eb6696361dca,2025-01-01,3930,203,5
41025b86-6e4d-47d6-af26-762d8fbba681,f6d58102-7aa6-4c89-b9ea-ce5010429043,2025-01-01,664,866,77
50bf6519-be90-4948-ad56-0dd993a2fe84,b1c9c03c-82ae-47f1-b9f5-cc1189039790,2025-01-01,8355,957,6
9a5abedb-a226-4fec-b4d1-bedbaca52ba3,edf0cbf9-f66f-4cec-a28e-244efbf7a01a,2025-01-01,2833,123,66
40232a4f-2e15-4b40-b49b-32f8398700d6,b3853a75-9ce9-409b-a376-c415766a0128,2025-01-01,6253,353,76
424b6af5-cd5c-4311-8861-bcc3bbb00f9f,ba87e769-be70-4814-83d6-4701f971a7b0,2025-01-01,8300,250,59
ab326efa-06d2-4f6d-97ed-78c6a1edf49c,efa52067-3c82-4ce4-90c1-bfc995bfa03e,2025-01-01,500,395,52
83521197-348a-4aee-b6be-d0236888c4cd,c03272f8-2cfe-42b8-9adf-14749f833f38,2025-01-01,8100,684,11
35121516-b83f-45b4-bc96-89397f21d833,afedc9f0-eb6a-4fb6-b91d-073ae2f4629c,2025-01-01,2922,724,10
eee2eab8-c1d6-4d17-aae2-3c91869aff1e,1c446f84-b4d9-478d-8607-0e3eeebe3bed,2025-01-01,8936,979,55
db42ca82-64aa-4be2-81b2-8ac9f8dc5d32,49f8ed8b-6ccc-4a39-be02-76132ba56d3d,2025-01-01,6525,252,3
e88ded2e-7dac-4d9f-a028-48e22dbc648f,70f81222-e4c8-4f93-855e-0ea68d1beaee,2025-01-01,6798,518,27
fec11ac5-f150-408b-aab1-ecdacfbbc386,43cdced0-d488-42c2-b847-46bd23686353,2025-01-01,9958,114,40
cd2889bb-648a-4546-8a7d-c549e0a7b027,c3239e92-fe1b-4300-a854-8e4ab7011956,2025-01-01,1965,891,34
6fc9fffa-9b49-428e-b996-511ecd0c8aee,d386dd3a-12a6-4f54-bd0d-eb6696361dca,2025-01-01,892,619,6
f09b2ee8-d522-4f13-a144-b7481d44ac95,33dcdb93-1c96-45e0-9770-1ff8048159f3,2025-01-01,9103,680,17
969e5fc0-b2b6-4fbe-850b-42a878f4d674,8f67ce71-76fa-4f70-9b95-3d14e813b1c3,2025-01-01,232,5,82
3e29d28f-6c42-4a27-9f18-d226feab4013,6e9303e8-0aa4-4179-adf1-dbdbcea654c8,2025-01-01,2762,178,92
ef6a079d-d2a7-4df4-806a-1118610cade9,d1e0228e-e3e8-4f33-9c3f-6a1c49cb966b,2025-01-01,3531,167,12
ca67e949-d4cd-41cf-9632-eff74651d95f,b3fc9f35-95a3-4390-9697-f3c0c23be2d8,2025-01-01,6597,878,37
4dad8a62-55c7-458c-8c33-46070ce345ab,f73d52e0-3fb3-4d74-8dac-7495a8e86aec,2025-01-01,15,738,92
d68b9b3f-8419-49e3-8f98-18a385f06b65,79215c75-5239-47cc-ac96-8cfc8f0c02b1,2025-01-01,2432,255,65
911506a7-6686-4ca4-957f-bd80a7cf3c8b,3b89889c-dea8-4a14-97af-70b994f74c11,2025-01-01,3475,797,52
966a7813-475e-4ddd-807c-aae68505bb35,07437943-08ed-4ebb-aece-1342e20ac2a9,2025-01-01,1240,351,1
f4060a5a-3aeb-437a-a527-95dd9629f1ec,b4f539b8-b889-4636-ac09-c0b20a603fa0,2025-01-01,2319,60,98
5c275634-128d-4122-930f-136ff66be90b,a4112674-617e-4aa0-9faf-a13ca1f02812,2025-01-01,5421,796,21
a9af40cc-8a74-4259-b5ea-8af92a9a1ec4,b75e26a3-bd47-4b41-b528-6e850a3aa70f,2025-01-01,6881,66,25
4a9ba6a9-2931-47c2-9b13-ef94ae22fb38,69e76ee8-1f15-4a43-9332-125c3d3fe531,2025-01-01,7673,619,61
29a48c35-1db9-43ee-9fcb-f4d2a49e580d,1cf80a49-16ac-43ca-ab50-fa33cb1b790a,2025-01-01,5813,246,36
573d15e1-1a47-456f-bfb5-b0053fd6a14b,46ff9460-ea3e-476e-901d-60b99bc57c8b,2025-01-01,4245,732,92
58c950d3-370c-4b71-a8ea-3267ea0bde93,19f3618e-ad78-41ee-882f-92a9a4cfeff5,2025-01-01,5192,270,25
e86cce30-fc1e-48a3-98cd-1c6063fb441d,6af7e714-1d50-413f-a1fe-c7e7998bb209,2025-01-01,1546,669,14
a35e2cbf-fb8f-4e43-9ea3-9e87ca7b33c4,68b22ab0-e639-46f9-ac7b-3ce6f3d7b4dd,2025-01-01,1551,106,32
3a773ab7-beb1-4287-b575-f0d062aabd8d,3348552d-66be-4017-97b7-a6d658e888dc,2025-01-01,3955,389,28
462a95b4-c29a-484e-9456-475ed1ad8271,e7704cfa-8015-4256-9de5-2846a7b14c44,2025-01-01,7212,845,64
f0f81c95-f53b-490b-b5fb-5c40c4a2a5c7,71f0bb53-71f3-44c3-9902-cd19d4a637b3,2025-01-01,7542,881,55
a383d3d5-dd00-46d0-9cb1-90f36a1ae38b,76c338d5-e2d5-4436-8b70-7101632428cf,2025-01-01,4594,261,96
2d75b6a6-4302-4bac-a809-d02fa9236433,9340a523-0cd7-4d66-b68f-06f3de43f42c,2025-01-01,5436,461,21
b058531c-b9bc-469f-8cbc-e1c0fae0f78d,c805ed4e-b23a-4764-8eac-01a6eb89ec9e,2025-01-01,9932,770,64
ce61da38-d349-4379-9f7e-3a5c84dfaba2,2aba2158-51d7-4e85-a56c-564e81f7b517,2025-01-01,4931,708,66
9a47e4ae-9202-4a14-91cf-ac8ea5f19b4e,f0275ea1-50e9-46b2-8fee-ff9229a839d4,2025-01-01,6340,779,4
d19f9b2b-b2fe-42c8-8ee8-54bec1895a74,e1ace5b4-11c4-4b37-ac2b-eb8c77876efd,2025-01-01,7965,198,16
610a90e1-0d42-4574-b04c-da48670fa020,993fa60b-ecaf-464f-a754-8194c2e75847,2025-01-01,2089,164,37
05dbe686-f9b0-43a0-8f1b-b81726d0dfdc,a871ed35-cf34-4053-95cb-59a2f65b772e,2025-01-01,5894,928,15
7ff423d4-b9ae-4c0d-9e56-c0c75bdd8dd1,fec3fae1-d76c-42ff-a280-8d0630e61c41,2025-01-01,3192,582,40
5da234c3-492c-45ba-aa02-7804d1cf47f5,c64282e9-009b-40a1-9a4f-ace4ea84a043,2025-01-01,8709,257,0
0b2fb94e-ba51-4d7c-84d0-95f33d818132,8379880e-66f4-4971-9857-b001175f08af,2025-01-01,2300,906,55
c25d3532-9c1a-4318-a59d-4c9768822210,959d815d-bfbc-4f68-9405-f8d8eea87095,2025-01-01,7641,806,95
54d75a56-f0a8-488f-91ce-864b3dfe925a,b20cfdd3-b45a-41b0-897a-1a3e51734e94,2025-01-01,5968,834,24
57b79a67-b9eb-4d3b-8d6b-f223b28b8632,1adc0144-bbed-4ef4-999d-9168ab3b0a26,2025-01-01,4837,402,10
277f02d7-779f-4cc6-8867-a1112d83c8ac,c3239e92-fe1b-4300-a854-8e4ab7011956,2025-01-01,2880,790,91
5557a322-0d13-4a33-9001-7f5eeba95077,960946b3-9311-4c73-85c7-77a136cd7769,2025-01-01,8711,787,24
16e804f8-f8ab-44ff-b269-b5e50893306e,65734054-5d12-4a86-a498-6f00c3248945,2025-01-01,208,939,30
82076dc2-7f63-4c7b-95df-6609e1b37e81,9d92b773-a7c2-4ac0-a4e1-f47b1fa9ef34,2025-01-01,9423,690,1
cf672c76-9cbf-464d-86b0-db1fd21d5085,aea279a9-7151-46e6-8796-d3042d766054,2025-01-01,4746,110,83
e0dda602-a1b0-4fb2-a48b-51981191992e,dc625079-99ca-4d02-8e0b-659a70747a37,2025-01-01,1295,367,69
7769ac34-e72e-4945-910f-0b67be0d36c8,4112230d-5d96-4805-b0a3-afcd870b551a,2025-01-01,4388,29,45
c6b76028-69dd-44b4-bef7-dbf66652b504,95ba56bd-567a-4cce-afc0-c013ee38f2e3,2025-01-01,5014,765,29
b92bb71c-15b6-48ad-ada6-b7dd0e157e70,4d5c6142-fe51-4b83-9ffe-6ca3b11a723e,2025-01-01,2245,461,55
18ac8db8-0c66-48e5-9862-fda313326adc,33f7e2bb-4d68-4b31-814f-b0ae36470586,2025-01-01,4842,209,53
4f6ec663-f76d-492a-bbb8-7c243394336a,58e5958f-b2b4-437f-b5c4-21d13dc5b9b6,2025-01-01,1560,403,34
ea369155-3aed-470b-8d3d-e4ff1504aa82,c174195b-3adf-40c4-8735-b9978275c363,2025-01-01,8672,15,70
6f27f55e-c4a9-47f0-924f-020bfe2fd4f6,6c3cbc77-3ea6-4bb0-b038-10bad28721e9,2025-01-01,3246,207,71
af163c65-0322-498e-9a02-1a800c51c298,b213d916-5ac9-42d6-91ba-11c5ebe43db7,2025-01-01,5918,402,36
c37f1624-23be-4f8c-9348-b10e717893ee,d7e48750-247b-4a52-a227-bed98c316dd3,2025-01-01,1691,197,2
5e1091a8-c773-4b89-8092-1c34ab67419f,ae3654a1-b458-4ee3-b256-2f1339e07d32,2025-01-01,7669,798,98
252bfb7e-7bd6-4510-b1fb-e8b952b2eea1,9209b661-e487-439d-b3ec-48ff378f18ca,2025-01-01,4329,488,58
8f7fd408-8aa6-4e78-9ae9-1413d1d614c0,5a3b88de-39ca-471a-b1db-cc36b99fc1e7,2025-01-01,5152,68,60
750c1dd1-982b-46c4-964c-b29d1a6d0a5a,03401a1d-6d99-48c5-9937-467e0d3e5932,2025-01-01,9003,391,23
f0533f3f-4f0f-45ea-8f3e-35768f034873,b3fc9f35-95a3-4390-9697-f3c0c23be2d8,2025-01-01,9578,279,78
9b3eb88b-bc07-45e0-8c77-fcab94c8ad40,6b5007fc-9882-4826-8339-7d96acc84618,2025-01-01,7693,305,2
79fc70bd-c162-44bc-b69d-359a3d06ca08,5a3b88de-39ca-471a-b1db-cc36b99fc1e7,2025-01-01,4797,414,59
032d8e4c-09a0-4acf-beb2-8036fc0a4c3e,e25185a7-d4f5-41f4-a789-bb44d2375160,2025-01-01,2281,137,87
e54cc0bb-6027-4984-9e78-81278e2edfe5,0df12078-44c9-4e89-8689-6aa5b3e95a15,2025-01-01,6238,888,37
5d80a700-1447-4258-b5e5-4f469bb9cce4,a90b2e56-eb97-412a-b71f-a519420d837c,2025-01-01,3256,611,0
aaf1ed49-1835-45d5-8efc-2d6f0ff46cfd,8f935be5-13c0-4d1f-bcd6-6c98b882ec74,2025-01-01,2930,413,24
848ccd5a-8a95-4259-9f3c-e98f0835ae0f,b45f0438-1835-48a4-8ef1-838f6c2c30db,2025-01-01,8313,219,41
c28e4a31-9448-4627-8abc-e5d71b4da6c2,a4699779-a098-4753-b7ec-2ba4a83e7e29,2025-01-01,8562,195,75
af9060a0-7bfa-479e-bd6d-9537ca4cccc4,90859dc5-f7c5-43af-9db9-3a4d84bb19f9,2025-01-01,1366,771,43
59ddae9d-4809-49ec-afc8-7bc7bc004e8c,3d238e0a-aebe-4657-ad05-0a0a4899c2f0,2025-01-01,3991,861,72
d8e45bbb-facb-4e14-9158-2f4485ecbbb3,ddee81ca-7448-4690-8b9f-e99c6e0aebed,2025-01-01,7039,212,88
fd9dde55-d9ec-4209-be28-6fc204840d39,19a7022c-34d0-4cb2-a560-a7679e0cf1e3,2025-01-01,1216,59,79
55baa541-f061-4872-bf85-91abcbd167a4,4f4a267d-8bcf-4580-a45f-7e62478207f3,2025-01-01,7648,827,5
b4449160-047a-482f-ba94-0e99026865d4,5f248d6e-f394-4385-b88d-fb7fb2c3f9d6,2025-01-01,6977,515,74
b2d7d8df-f4b6-465b-ab52-02cfb2355d02,a871ed35-cf34-4053-95cb-59a2f65b772e,2025-01-01,5755,366,81
3690ce44-2340-4ff8-a56a-032d7fbe53d9,77a20d91-2ee4-4bec-960a-da46fd003982,2025-01-01,9522,781,11
43946344-b0c6-4d78-af64-f98774b3d157,d41c8a7f-9c1f-4590-80ce-8e672cbfdd8b,2025-01-01,7277,621,84
ee350396-7a65-4882-9b43-0926c449bc7d,52023340-8b68-45f9-ae5a-3ccf76f5b732,2025-01-01,4904,665,12
8cf7158e-91a0-4aba-96a3-f617248cda80,8af7fc01-e887-41cb-bbec-cbddfafa0c64,2025-01-01,5887,643,99
e687e520-0629-44d6-a3dd-06838a60ec57,59066a33-35fe-40f0-bc59-8c92029a856a,2025-01-01,3923,716,66
00c31cdc-66fe-4e9c-af80-673c071fe2f3,82ea7efb-dd18-42cd-a4e3-9e2f4519beb5,2025-01-01,4231,833,11
3b2ff0a5-ce06-4dae-af10-e21d12df9b91,30343466-e080-417e-a943-24c1f1a4d7ec,2025-01-01,6105,317,11
1030b4d8-0ef2-441e-a831-7260b0bdf032,82ea7efb-dd18-42cd-a4e3-9e2f4519beb5,2025-01-01,5675,14,35
84cb5aeb-8951-4a1a-8c28-51a5c389367e,5f5243fd-f965-4b84-978c-db5722c9e2c2,2025-01-01,7703,159,53
3034e790-76d5-474e-979f-0f9151cc7e71,8c696368-5fb7-4033-97c0-5544df5f56bf,2025-01-01,363,420,41
9e02601d-cb83-477f-980e-70b38eba3b84,26921614-bf90-4270-b70c-485fa0648b69,2025-01-01,7541,25,12
28d94046-fc71-4274-8bc3-70d46500a20a,8016f7b6-ce6b-4a4b-9413-e47812fae19e,2025-01-01,891,788,4
2a8be86c-e9c1-4b95-a359-dff98dd38822,b5e2a2a9-c296-4795-8052-9aa25678508c,2025-01-01,4377,603,78
437eac42-581c-4eb8-b4fa-9e428a5d8213,3dc4d808-882d-4eba-a666-54de9a4390cf,2025-01-01,5868,82,57
0015bb18-9c7d-4e85-9aef-c131b2e58615,36e669c9-7869-4df9-bc83-19e85b6f5192,2025-01-01,1079,995,18
3bb18224-42b3-4ae7-9ed1-da9ceada3882,9dbf19e4-2148-4898-bef4-f59f65589a60,2025-01-01,1703,929,74
a972b34d-af6e-42f3-8708-d52ead0a772d,4ff9c824-b593-4580-9d56-160ae0b52f64,2025-01-01,3138,286,48
4550204f-5e78-47be-8854-9e04878ae590,02aee259-05c2-4832-9328-20d5a1d7a9b6,2025-01-01,2266,719,45
0adf85cf-e9db-47c6-ab40-027642b83f10,0c970905-5a87-49d7-9d4a-ccd2566efdc8,2025-01-01,9860,205,41
7b5e0646-2175-4d39-9fc8-217bb1a3c95f,2e7c507b-eb5a-4bf1-963e-478758c2409f,2025-01-01,9042,18,44
e38a3436-e917-4b14-a62d-5293b73d0f72,e1fa450c-23d1-4a81-95fe-30dafde41b15,2025-01-01,6072,928,84
eb123245-1a7b-4030-a2f6-978e1ff20350,0cb4b5fd-ff03-4441-b568-3652e4275391,2025-01-01,6301,145,48
c97935de-8dd8-45bf-adfd-1c7543707b5a,358cb167-0f46-462d-b22b-56aaaff8018c,2025-01-01,3515,273,10
019438d9-6641-49e7-b1cf-3efc2aee7368,09c5f405-fd4c-4a45-821b-724eb8ebdef5,2025-01-01,3877,534,81
4fa896a3-89cb-406a-b051-2649e30850ff,83259178-8572-44a1-8b35-8a59f1bc8196,2025-01-01,9888,95,29
03d43131-4eb4-4160-9f77-6b252d779065,2426a307-34b3-48f9-b3a3-ebc3feefc03a,2025-01-01,5165,472,98
4ccde0b2-9bea-44fe-b6e9-d30ffb158ffc,082c6509-ae70-4c6e-9c75-9ce3f083f581,2025-01-01,9903,833,42
e165fd11-c783-4696-be80-635496e1df8e,f06ae607-867c-4ba0-9dc2-60b6e9605891,2025-01-01,9881,377,20
46119cdf-d85e-49b5-b242-05280b5e7bbd,9057d7f0-2be1-4f3d-ad4a-986ba6f121f0,2025-01-01,1354,780,9
c34ab36d-fcd4-415f-8075-6423fff2894e,551e8e86-4eb3-4cf3-ba1a-d796b7478cdf,2025-01-01,6741,321,23
bae4a379-8a67-437b-9cac-80a6a6510993,0c182871-78e7-4f6a-a877-804f431afe1e,2025-01-01,6981,107,16
9e8272c4-0d35-4306-bcfe-5c9b1e80dcdb,5a63e691-1518-4a8d-8ec8-951275fcae88,2025-01-01,8716,660,82
1d98b522-f87b-47c1-b12c-f9f0d9c20bbc,a0f2a71c-8e64-4f7b-b50e-eaea149ab5af,2025-01-01,3454,868,96
4e449f90-84bf-4847-9466-6641d1759017,cf051087-83e5-46a0-81ee-79429ae82282,2025-01-01,1744,232,69
7cafcd86-b62a-47ab-bc56-afbe8c8bb514,16dc87da-34eb-4980-b05c-a5e2e0a6e470,2025-01-01,9356,124,53
954f447b-8da1-4160-961d-2cdf71a433b3,d09daeb3-ba38-4fd9-b698-accab01d18b7,2025-01-01,4652,147,64
97b2cb58-5bb3-47cb-a177-19c904c3d2ae,52023340-8b68-45f9-ae5a-3ccf76f5b732,2025-01-01,1038,529,15
5d23bf26-b5b3-4527-a14f-c4f2b2756936,cf629e46-18ea-44a1-afbe-daaec24efba1,2025-01-01,7699,226,66
8b400327-f60b-49d6-a794-4dbbd282da83,c33570eb-e055-4a03-8a29-49654504a19a,2025-01-01,202,857,85
e1825f6e-224b-44dc-8eed-6694f92de575,5a3a569a-e5dd-4349-9397-bd5435e02965,2025-01-01,8963,210,17
8bb06103-e675-4222-acb4-a58b3b569080,d6716325-d336-4dcd-8758-6f11449f8c60,2025-01-01,2766,546,1
c238e503-7031-4cad-b57e-5738d5e63b9c,4daf4cb6-aa6b-4fb3-84a4-177d124130a0,2025-01-01,7549,772,69
8aebca52-d00b-49fb-a9fe-0fdb111a6a3d,e6d6344e-debd-4788-a203-aece2a89ce3e,2025-01-01,8029,494,7
f885fade-fc53-4204-9ed2-c9e94c77b498,ee96f59d-099e-4665-89ff-2d2285ba7109,2025-01-01,679,982,48
e78f8bb7-d2ea-4893-856e-167ae07a9878,0996d258-458f-4a61-b8e4-3e17f28ac407,2025-01-01,6941,567,14
8e45b0be-0e75-4572-91da-858fa8eba7ad,a4112674-617e-4aa0-9faf-a13ca1f02812,2025-01-01,1086,390,72
60d6e800-497d-4dbf-a02c-7ad1575da09d,b6e129af-fb1d-4839-b1a4-568a5ec2ffe5,2025-01-01,7977,402,59
3e172f9a-91e2-42ec-95dc-2c04a75a772e,cb0db3fb-8f1f-4ab2-8fb0-fa50b2fa4bcd,2025-01-01,4352,688,90
4840e083-a974-4b25-bb90-0a8b86c74495,f7d12d27-d34d-4871-9ebd-5d25aa83a81f,2025-01-01,8816,541,1
fd431abe-4657-4947-b958-374de880c305,278380d5-c6e4-4385-b3d6-cf1abf9493a0,2025-01-01,250,76,10
7836f899-632b-4d99-8c40-b2edcb61aa81,6ce44609-935a-4eb1-8cff-ba4665c9761f,2025-01-01,2163,863,72
fe7c75f8-1c29-4542-82ca-955d8411d1e6,8ef09de1-2445-447b-bfe4-708fdb95e61b,2025-01-01,8937,692,6
d4b698c4-10ed-4767-abd8-6687d0a720e8,5d8c740f-1cd7-4117-a868-07f085404e21,2025-01-01,7896,854,92
52b5c4a2-502d-4aba-b634-63cdeb683eb7,e18b842c-c06b-4cec-b839-91d2d60031a4,2025-01-01,9538,15,83
37741d70-8dc2-4b21-bc43-938712c664a5,5612a84c-2844-4b0d-94ef-e32aa6fb6e56,2025-01-01,8914,335,68
6c9e57de-58be-43bc-a27f-379bb689f7c2,a78d6208-1f93-495f-a2cc-813ae0245945,2025-01-01,5413,396,26
45fe68f7-7560-426a-bd91-357014dd97e5,e8565799-73e0-4609-9ebc-2f0917061ff9,2025-01-01,4284,734,95
2d8de149-cf16-4797-8fa9-21e7e713990b,8b894b28-855a-4271-bf5c-69733cb58b28,2025-01-01,274,244,81
f484afa4-21e3-412d-9047-a3ac663e1d9e,3ef58dbe-e1f0-4c55-9300-33d90807c18d,2025-01-01,3936,524,24
23580638-b726-43a4-aeba-5774b8e1e155,f4269db2-909a-444e-9d2e-7fd7463b3f0d,2025-01-01,6139,206,30
8770d6cb-8cc6-4d49-a113-cea4fa6760ba,def20167-9b54-4269-a2db-0cc0b3c4791f,2025-01-01,4745,538,90
5918aaa3-3e5e-45e4-b7c6-e33430b28bf0,ec47b4bb-4fc7-472d-89e8-47804fa8e612,2025-01-01,2497,975,80
f6017f1a-ef63-4195-bbee-ce5d556a2b2e,e96859bb-e26d-4b3d-bd91-03dc85329506,2025-01-01,4819,342,99
84ad861b-8ece-4da7-986d-d868e45cd144,a8517c6a-ee53-4696-b37c-d330abb4e465,2025-01-01,2196,547,55
a087d740-f9cc-4541-b032-de93378ca41f,48dffa80-6f42-4573-9452-012d8163492b,2025-01-01,3191,654,12
7e3c589d-ac51-4c62-af14-571079e0ca5d,20d88bd7-80f7-48b8-9b14-22269082d529,2025-01-01,7872,102,64
73e1c226-637a-40c3-b41a-2bf7c94c3311,494259e0-f582-409a-991d-a391c947ec1b,2025-01-01,1780,616,53
afc5881a-6691-4bff-8f57-290eaffd7b54,0634f46b-2531-4399-bf25-26f7fbb732af,2025-01-01,9333,726,78
a5a6d53b-d2e6-4333-bbe2-0fad410c7e83,44dfe01c-4d46-44fa-841a-f7d5a260872d,2025-01-01,4065,491,59
f069e644-9268-40c0-a852-bf7a04831915,749158ea-4b7a-42e4-a9a8-7b0276b3fda2,2025-01-01,9740,80,91
19787de8-810e-4511-b7cf-c33891b82234,8379880e-66f4-4971-9857-b001175f08af,2025-01-01,6690,708,94
5fb944c1-8a9e-46e3-b110-1ba2e1398594,fed482be-3180-47b2-b502-37a732b8f2f4,2025-01-01,8753,554,94
bd1902a2-640c-4d1a-8c68-da8a2900dde0,d7e48750-247b-4a52-a227-bed98c316dd3,2025-01-01,6049,116,91
8f895633-8fdd-4fbb-ba1d-eba1fe55d8c4,12d9f7af-0915-42a5-b60c-714f51d9eb4f,2025-01-01,6493,143,96
056e1281-e97c-4586-8681-ffb90b176ef6,2fef14d8-8b75-49f2-ba30-7192df0d8f0c,2025-01-01,1421,310,93
7930811f-f9cd-46d4-bcb1-126a69b5be3f,d47d1a51-a5e8-4cde-beb0-aa1408a3e25e,2025-01-01,911,189,89
ce8d1895-e651-4cc5-9f9c-04cc7f81a29f,02aee259-05c2-4832-9328-20d5a1d7a9b6,2025-01-01,4292,278,12
e918632e-33a3-46dc-94b5-b23cd33a3acc,ca8ab063-c586-4cc6-9a0a-ebd3a8c48044,2025-01-01,2895,722,91
553f01d3-55c0-40d5-962a-a9ab3333d169,589d010f-985f-4f5d-b3b2-b7d6881386c2,2025-01-01,2364,252,75
4b8c58a3-037a-4762-8827-ceb083c8b535,e1a3db19-4d2d-466c-a9f2-f1869f58596f,2025-01-01,9573,82,10
f13732d6-da08-43a9-a1a1-09276065acdc,9209b661-e487-439d-b3ec-48ff378f18ca,2025-01-01,1404,467,76
dad169c6-cbec-48ac-bd3a-e712d73f9e1c,e7704cfa-8015-4256-9de5-2846a7b14c44,2025-01-01,966,948,27
27c2b9de-8379-44b6-ab65-cebc8487154f,02f3e7a0-7fd2-4481-bc3e-2867d4e88b5e,2025-01-01,6595,403,9
8c94240f-bcda-4685-849d-298f4a9b8336,9e599ea8-4d27-48f2-a4c9-e26d70aefc40,2025-01-01,8356,599,79
619c9267-6020-4569-8ac6-40a170960736,6933f6ad-872c-43a3-893a-83901482d707,2025-01-01,3887,998,52
ed44fe38-e946-48ca-be43-10ea5f54eece,15fc7d9f-5aab-4ab0-9dc1-89027112ff7e,2025-01-01,9054,336,96
35c7f3b4-c864-499a-aff3-0eb3d25f999f,dc625079-99ca-4d02-8e0b-659a70747a37,2025-01-01,3844,464,31
1ad8cb08-4c47-4a99-9b9b-bcba8249da1d,8d47e505-68fe-4f2e-a6aa-b5f287d5df04,2025-01-01,5625,806,21
cae1f5a8-af81-4b68-a6bb-3828cac342f3,c8d78ac8-9f50-4876-adc6-97bf5c1befcd,2025-01-01,9211,422,99
efd41837-1444-46d3-a4d7-e6b9ae19a55a,6427b23d-8cc4-49f4-a3b8-f8e277aba91e,2025-01-01,3431,177,48
e0c6a447-1580-4699-865c-1aef23a57e2e,8f67ce71-76fa-4f70-9b95-3d14e813b1c3,2025-01-01,3682,512,48
098e8472-2ea0-43ac-ad43-1baebc11991d,0634f46b-2531-4399-bf25-26f7fbb732af,2025-01-01,4451,394,72
7bfd713b-fbe3-4a0d-8d19-a0d4c1f96e90,547c16cf-9597-478e-b46f-2fefac469736,2025-01-01,6444,554,76
f8ffaeb8-a61d-422e-a48f-4d8aab1bbb5f,c7b1f338-0be0-40f3-9035-91e585006ac1,2025-01-01,2359,683,93
2eb9fa67-bb53-4e33-86d3-0484a8daf037,38da1910-22f3-4b80-bd61-6c3c91f028b4,2025-01-01,3347,903,71
5626dcfe-bb2b-475d-9485-8ad92d2e921b,a91e527a-1ce0-4fd6-95b1-95c858a73167,2025-01-01,6354,419,80
8bcdf070-0a94-41b9-ac57-27f8ed38ea40,c76195c0-a94c-452c-a298-54cc54137bbf,2025-01-01,8476,324,81
5f5003be-96af-4602-9fad-4be217a61770,4a923fc0-adda-41af-9ff3-12a5c63a8869,2025-01-01,7172,189,21
c50824a7-e4f1-4b10-a13e-16c9cfc320c8,c9a095ba-7910-4ca3-ad92-0deb05746b84,2025-01-01,3475,752,91
f608e249-66be-495c-9131-d7710ae99535,bba7a942-a9e7-43cd-853f-63e8dc386229,2025-01-01,80,65,11
438e5a5e-ab98-4353-bbda-33f9a070c36d,fe53f2c4-bf7c-490c-958b-cfa281b92526,2025-01-01,5585,651,74
8e5a1922-5fbb-4928-8989-a669ce0c2ec8,11123104-0689-4fc4-880d-792fcba677d6,2025-01-01,5562,588,88
276989be-8eab-40e6-ba31-b3f6d64e146c,245913f9-5585-4701-98cf-df701462ae70,2025-01-01,1408,828,14
7d459fb6-d1aa-4343-a473-5d63da658f25,7e50e5ae-d3bb-4daa-ac6e-1cd423ee7b9f,2025-01-01,8759,86,43
e039f765-7a8c-408c-81a6-d8e1978ebf7e,80250ae3-950b-491c-9350-bcbdac72f40c,2025-01-01,1235,915,71
b3d1abbe-c700-4d9b-93f5-e6506599bef6,a89291d9-f47e-44a6-aefe-23f3f87c7aad,2025-01-01,2633,363,79
85b505e8-6815-4382-bf15-76ab07f882b5,c138d1da-0e95-4b1d-9c98-b21502a8c088,2025-01-01,5658,586,4
216f119a-3ec8-4340-8df0-c0d4702680ec,84a659cb-9f67-4415-a927-5904715df32d,2025-01-01,205,253,26
8b4d9ba2-5ed0-4f05-a19f-0d69b7658802,1b713fb1-a7a2-47be-8ef5-34bca98d9494,2025-01-01,8443,898,70
d5d22eb6-1f79-46fa-b2fe-4215bc03fd12,3e9cff11-3beb-40e0-aca0-1898e8225cca,2025-01-01,3691,878,43
b7e99346-866c-4405-8498-74e88ab62316,83cf0997-f638-487d-b050-9aacf287b492,2025-01-01,3013,737,38
bfc67c51-5c11-4228-86ee-fb6159a23373,8bdef72f-e5f8-47b1-8b4e-bf2c6fca9aaa,2025-01-01,6781,690,8
6bf4ec36-47a0-4711-8977-c1633fdc8e3b,408ff674-cc74-4356-a3b0-a7ed719134b9,2025-01-01,5701,393,49
c8c8da75-cf0c-494c-b1b2-3b8acf9104bf,cab567a6-aee6-4726-bfb0-e92cf338b522,2025-01-01,838,326,28
1d7db68b-e9a9-4770-80b4-2be2458dfd7f,f786c4d1-c5cd-48f9-a877-e53a7abb595d,2025-01-01,6875,41,86
95f2949c-2461-4a21-8677-1d5641295a27,f06ae607-867c-4ba0-9dc2-60b6e9605891,2025-01-01,82,394,75
2f834393-e9e0-4d90-bed6-8ba90fdbe9f1,b3643ea9-53a8-4fbf-a05a-b57f6de62af8,2025-01-01,7864,8,5
f57cd900-2c14-40c8-bd20-ec76772ebbee,fd967c44-cce9-4a29-8afe-6f69738241cb,2025-01-01,9050,613,8
07f65979-3afc-4a78-ab5e-a80c0729ac0c,1cf6ef5e-e9e7-40b6-b0e7-c37e6106bb14,2025-01-01,9029,555,85
9ad70067-a73b-43cd-a795-1c2f5fff049b,59066a33-35fe-40f0-bc59-8c92029a856a,2025-01-01,1807,573,21
8329bee4-65e1-4392-859c-295b0ce2eb32,015cd931-586a-4e8a-a470-4cc058fc04fc,2025-01-01,9606,896,91
aa03eb87-8a92-40ee-8e8f-0406689fcacf,8b894b28-855a-4271-bf5c-69733cb58b28,2025-01-01,8252,61,19
12fa3c92-87fb-495a-a8ca-db073541515d,6c9b2285-dc44-467b-9b48-98ca1b706272,2025-01-01,7384,758,96
ff11189d-93fc-40a9-9e40-532ea118b0cb,dc438e54-6408-4910-bdcc-a283e1644042,2025-01-01,442,774,15
99ffb7a3-2cfa-4a72-a50d-fec6c00f49e2,95c8fde6-fc7d-488b-b89e-527c48f79260,2025-01-01,4162,251,47
08c2151a-77cc-473d-8717-7fe93852156b,48dffa80-6f42-4573-9452-012d8163492b,2025-01-01,7177,334,17
d9f6b385-d179-4202-b600-79f025bbff00,dbaa4dd7-25ca-4439-95a0-fa0d42021e80,2025-01-01,5549,962,35
4639976d-e67a-48fd-b2b7-7403dee75706,cf051087-83e5-46a0-81ee-79429ae82282,2025-01-01,2457,462,82
01fad96e-2535-4b4e-aeea-4df08063a5c7,f355dab8-270d-441e-859c-ef1c034a66f9,2025-01-01,3735,239,99
0c71c28a-55b6-4188-9f25-8d63a4ff2753,0282fb1f-8cee-44d2-9a13-164de0b93daa,2025-01-01,1081,781,70
54f77d6e-012d-4b33-ae10-eadb15ab332f,f7edbd88-d232-4bd7-bed8-2b82c23edbf6,2025-01-01,83,569,56
4302695c-28e2-42ef-8ed4-bba7961364c6,9ef4323f-2663-4106-8c9f-59c9ee81f24f,2025-01-01,9698,188,42
e89636bb-a46b-4601-b456-6ab12c8ca13c,9da7059b-af79-4a8d-926e-e6f34e625cbf,2025-01-01,8076,154,10
2134861e-be74-4dfd-8e81-255071de80d4,6395e7a6-2f6a-44cf-80cc-ffdc4f8ac216,2025-01-01,3778,806,68
2fc0a1a1-ebab-4176-823d-49a79c809886,2a607cfc-7f84-4403-9b35-a7b586f7d726,2025-01-01,4239,425,74
7a03868b-309d-4a1b-a66d-8e89d3a46546,cac82456-4256-44a5-873d-fdd0b2bdc230,2025-01-01,5667,126,47
5b94e306-1eaf-4e92-aa61-e871aacbdf66,edeca2e4-2ff9-404f-9a4d-d143fbca3e54,2025-01-01,5174,210,74
f1ac0a62-587f-4e25-9c4e-4962aa639ed1,6bbfc12e-5e78-46f6-8766-a0cf3eebd41e,2025-01-01,7581,37,63
970e49ed-021a-497d-9727-4a0ded8512ec,d70e624e-6038-4d2f-b068-afca913e98a6,2025-01-01,5679,560,13
a64886f1-860d-441d-af3a-d65e6d5700f1,2f73a6d5-2ebc-4e3f-86ba-0582b8418559,2025-01-01,9870,875,28
cb414207-22ed-4e20-af7a-2117a325e751,c578a6a8-4eb1-4e6f-96e8-368846e50844,2025-01-01,4996,821,98
45e9529d-f048-4db6-a383-52d2b07dc939,2df6ce56-f96f-4227-a894-61491e011e4a,2025-01-01,9082,241,79
bcebc4f0-e93c-48de-a401-f2a13adc3b7d,959d815d-bfbc-4f68-9405-f8d8eea87095,2025-01-01,3460,574,36
7728da67-08d3-49b3-a283-f5b3812b2b91,4daf4cb6-aa6b-4fb3-84a4-177d124130a0,2025-01-01,9245,894,40
398bf084-dc47-4678-b621-5af3961b70f4,b8f2f9f8-b4a2-4ded-90ca-2d83a5ee34a7,2025-01-01,7600,689,85
ebe0c734-deed-4ad2-8eab-0cd53ae5f8b3,8ef09de1-2445-447b-bfe4-708fdb95e61b,2025-01-01,2482,958,46
8d07bc3e-ffcc-4a1d-8a67-830873d2e0dc,0577c43a-1b91-44dd-b531-e2adafa9ac8f,2025-01-01,7160,373,50
56f25eff-1cea-4c71-a12d-ffb34a4293fa,54f0e562-8e06-4c94-80fe-a910cf8f85e6,2025-01-01,477,854,68
4bef1b76-36bc-4fd1-a186-ee91f5a9ad9f,230723ca-029a-49e3-b308-a743d4585b94,2025-01-01,6878,505,99
6565451b-276b-4658-9d0d-0daf79a4a4a9,83cf0997-f638-487d-b050-9aacf287b492,2025-01-01,7390,737,79
6beed817-09df-4e15-8875-f1fd72169829,cccbfa7c-2eae-4747-aa78-69ee52ea6f7a,2025-01-01,5868,807,91
c7a22636-8a70-4644-a0bd-29f26aea73a0,edf0cbf9-f66f-4cec-a28e-244efbf7a01a,2025-01-01,8188,854,87
9d97f408-d276-4301-a1bd-7397d4f69c36,a90b2e56-eb97-412a-b71f-a519420d837c,2025-01-01,2078,271,97
df84dbba-a188-4e93-831e-cff664bd534f,38b1b216-5f76-473c-9686-80400d72f5fd,2025-01-01,1898,493,3
515a8880-be88-4965-a5e4-3e36cb3b95dc,c174195b-3adf-40c4-8735-b9978275c363,2025-01-01,4873,276,48
822b534a-3fdb-483d-80b0-5b5811d21aee,76d290bc-9833-4bab-a853-b5893eda0625,2025-01-01,5245,517,66
be90ec64-be0e-4807-8f0e-12fbdfbc1578,dfd6ec06-2c82-417c-b928-bf8bccb544ff,2025-01-01,4995,70,38
1d01197c-5fc2-4065-9640-32242c4767a2,b501edd7-01ed-4c9f-8968-e620beb8ad23,2025-01-01,1852,600,58
c3c76b4d-94d6-4d52-ac0b-29280d1e26f4,58819b5d-bc83-48b5-aa7f-98954fcbf8b0,2025-01-01,1400,180,78
e477725b-a0af-4247-96ec-b22c8b36e833,c8e77a06-25d9-41ac-b889-2c764930d5da,2025-01-01,5424,711,69
6543425e-5921-45b3-87e7-314e5c6842b9,83259178-8572-44a1-8b35-8a59f1bc8196,2025-01-01,1015,392,85
8e249c9b-0557-40e6-806c-30fc6c61554f,61746eec-2812-4b19-89ad-26b9b576776b,2025-01-01,4416,852,36
4a98dffa-569b-4995-bf5e-0c0ff615f19d,e6d6344e-debd-4788-a203-aece2a89ce3e,2025-01-01,3314,831,44
c31143f3-e461-4e98-9972-56baf0e92ae7,8addc301-e137-4dd9-821b-af6a6a9d35d0,2025-01-01,3454,782,25
bb09e4e7-56f6-40fd-87af-ef33d2cc9b21,f0fcbf1d-ff6f-4414-b9bc-5acb6f8e4159,2025-01-01,9221,286,98
71bdc837-2d30-46b8-83d3-f45e7d2fb5a3,c9be25d9-5084-4473-b995-0d1f5a55104e,2025-01-01,6430,990,80
32e255b1-38bf-4238-81cd-3df2ca55fadd,552b2643-4e4c-4a77-886e-17010de58edc,2025-01-01,9315,181,59
cf28d4fd-6161-473f-a7ca-b71bcd0ee1b6,ee581dbb-24ee-4d3e-85b6-84ea99bab70e,2025-01-01,3445,525,17
b3917410-dc4b-4ae2-b1c6-3533a02ff443,83213ec8-1b45-4bf9-9a5f-22b868d3dec5,2025-01-01,8395,395,24
0d18b76c-5a61-44d2-b8d5-c5b3b624128f,94ec4660-2f85-4d5c-8f75-82b6e91d5fe9,2025-01-01,1261,563,62
cac6c75a-333d-4588-bc9a-d6b95419b49d,ce298cde-fbea-4556-a9ad-f0613a0498c9,2025-01-01,4915,962,80
6da50769-ea8b-40c0-8685-6e0d4200fee5,d779ea1b-54c5-4c99-8f5c-958d6ddeb32d,2025-01-01,9601,769,69
20fbdcda-63a4-4e15-8bed-e200b4d43aec,bb862b9e-1241-46f0-a14f-d5cb16e8be92,2025-01-01,625,888,93
b682fd5f-7955-4ab4-926a-ca81de0dd316,6e814e53-80e0-4f69-a278-e617121589b4,2025-01-01,4099,232,61
0b91b558-29e4-462a-bf57-bb59fc2c8af6,02f3e7a0-7fd2-4481-bc3e-2867d4e88b5e,2025-01-01,947,6,82
09fe1554-1318-4036-9b04-c71f9cd13f5b,69a39a18-5f01-4a5d-bc02-43209eff9bb8,2025-01-01,97,965,95
683b7d23-05ea-442f-949e-eb5da12d6c29,f6c6a5ed-fe6f-4c0c-b53a-d6c2deea7c01,2025-01-01,1983,316,44
2f3c3363-0d86-446e-be6e-10dbbe757eba,26b0d100-1f31-4470-ad10-15edec15cb2f,2025-01-01,2092,920,84
760f7fb8-1c9b-41a8-8492-5653af777ec0,4ec40481-40c2-43db-bf5a-5200bd575571,2025-01-01,2889,996,48
6591da24-394f-4368-95e9-c91c8e84e034,002241dd-4afb-42cc-ab4c-fe99033aef33,2025-01-01,9998,805,28
71f5fbb8-11bb-46c8-91d4-4cde980b4e4e,9b5fe62d-627d-4e1f-89f1-8f87fbcc2840,2025-01-01,91,959,98
e51600e2-9bc0-4c8a-9ebe-c538b55f8400,5612a84c-2844-4b0d-94ef-e32aa6fb6e56,2025-01-01,250,22,88
e90c8495-f286-47ec-a183-49a2711b70ce,423e225b-9ab5-4318-9cc7-b17a779b6519,2025-01-01,2767,790,9
0e11fd23-58e1-42c6-928b-7b7b4cebc239,0d119702-e885-4dea-934d-1ab38725ba0f,2025-01-01,2520,251,33
550c977a-45cf-4730-a8e0-20e114e20922,06341667-8798-4bd8-b3fc-5461af632b15,2025-01-01,7716,44,97
84b62112-023d-410f-9268-ac532aa004d7,a9c505be-f337-42a2-b238-5d68460e8337,2025-01-01,7979,20,95
1225c24c-6e26-4862-8ea6-380d3e36cb13,b3853a75-9ce9-409b-a376-c415766a0128,2025-01-01,8012,722,69
dbb38858-9cc4-4f5a-9d5b-6d8db7ab0814,7745203c-0ea9-4605-b66a-52fb2479d3f8,2025-01-01,7022,748,84
29a4126c-4474-47be-b219-b51bab00d417,7c727ad9-4df2-4e28-93f0-aac2adbe767c,2025-01-01,2174,758,19
b2b4ff68-544f-44f7-8192-75d88eb45774,18632a4d-fd85-402a-ab8c-9edf0000d8f3,2025-01-01,3953,492,88
2e609039-689d-4a5a-af92-063567b84497,74194351-3a95-4980-aa56-b10603c28495,2025-01-01,1887,146,56
d629f16f-241b-4be5-8427-503b7969aa5c,7eb8f151-a2d5-4e09-9e88-0afbe4703b9f,2025-01-01,6349,250,41
da0aa01d-c165-40bd-82cb-361cb90769ef,d4c04436-1af5-461a-9347-dbdb9a61768e,2025-01-01,8008,646,15
eb1447f2-6d10-42b3-a2a6-b62108743443,1c4fd3ac-1220-4a3b-9c46-5c66e10385b4,2025-01-01,8833,75,23
d10a6120-e1a4-4d60-8713-2d3eda36b829,2feda872-1906-4908-a8ac-a1e57b80d10a,2025-01-01,8398,927,15
d97a44bf-6623-48f9-9601-bfdaa83dce8d,c5833dde-acf3-4abd-ac8c-c058f3019116,2025-01-01,3524,320,18
a32c72dd-d740-498c-affe-0e5ac9b0f5b2,ea4a69ed-59c2-4d84-b930-6dc962fc00b2,2025-01-01,1237,799,48
cef9e872-c4db-4862-ad85-d7486cf468c8,4fc65727-2298-444e-be59-1f329a107b3a,2025-01-01,8742,762,73
49011532-acef-450d-84b7-404f08bd7bf2,2b2be175-6624-458b-84c7-0cfb5e03a0f8,2025-01-01,2872,600,57
ada94dab-8133-497b-bf41-cbeea54211d1,f231724c-1e94-4719-8a1b-fba5ea0030d8,2025-01-01,2614,698,40
5c311fbf-05d5-4c59-bf74-2b64d4b6adb2,255d05dd-46b6-4f47-ba35-2cb8adff852f,2025-01-01,9424,658,55
669ffd65-f7ee-461e-a7cc-025cb76ef52a,3dc4d808-882d-4eba-a666-54de9a4390cf,2025-01-01,4116,912,11
7891b60f-b907-4608-a50b-7071cdef6742,90859dc5-f7c5-43af-9db9-3a4d84bb19f9,2025-01-01,5563,476,77
50f05e09-4231-4b67-b795-d4ffb0f2fe53,472cf2e4-5be1-48bd-b38d-81270099d2a6,2025-01-01,8461,451,67
a805ff4e-1f8f-402c-8f83-574746ec20a3,ef874a57-55a9-4337-b271-7f133a21460b,2025-01-01,6001,695,74
592e4580-e2fb-452c-8a7a-059ca630bfd3,ca1ffb06-fe26-47e3-ad4e-fc8026e7f5e8,2025-01-01,4935,972,52
f537d3fd-47c9-4511-b564-cc5e88976c9d,54d5839e-6941-4380-b279-3a6d74006253,2025-01-01,6601,835,18
7a9d548a-59fc-4c36-924c-35aab5526211,e6b3b1c5-3c85-46dc-a77e-b031f78dfea8,2025-01-01,2940,56,1
937caefb-9345-484b-a863-9555d1e70b07,6e05649a-837c-4931-a52f-f32b332c686e,2025-01-01,9745,185,26
8086dbfe-6125-420e-8629-d1572ae88c9a,a89291d9-f47e-44a6-aefe-23f3f87c7aad,2025-01-01,8452,749,9
125f91bd-dbb1-4a6c-93f8-b252481854bd,1cf80a49-16ac-43ca-ab50-fa33cb1b790a,2025-01-01,6824,172,86
eb9863d6-ab82-4e67-b4d6-76825bc64df6,b7163bec-fb47-4ceb-ac76-60f43b46c10c,2025-01-01,309,336,39
68589b4a-a0bd-467d-9bf6-90df69c9a39d,fdff471d-f704-4727-a50a-7c50e4646f66,2025-01-01,5790,792,61
a63eddef-5280-49ca-9e8c-5b480b9119be,14492c8f-55c1-4de9-a5ea-af0816ecfd95,2025-01-01,7480,334,88
2374a987-f028-43b1-b112-13ae31c1f7ba,f6c6a5ed-fe6f-4c0c-b53a-d6c2deea7c01,2025-01-01,7877,744,7
de9dc9a9-baf6-4cab-8ea5-f4f819d0f758,b27b55b1-3397-44d4-a04b-46cf3466ee0a,2025-01-01,9617,120,29
23548cd7-a0d1-4201-a297-9419e114d9ce,4fc65727-2298-444e-be59-1f329a107b3a,2025-01-01,6646,324,38
5746b882-822d-4fe4-a309-a6bd0cd646d1,bfb282d1-a893-46f6-b941-09b81fe57b85,2025-01-01,1931,870,36
2d69e0b9-1e7c-4dc3-9e97-4aad838df322,4be52281-a2b4-40b8-8d3f-7a3915b6e430,2025-01-01,5355,577,43
dd29cc57-ff7c-447a-b7f5-706151c8a773,6de079c2-a93c-45c7-9568-ba837c157e1c,2025-01-01,2438,18,62
19439a0f-3a34-4782-b592-ba988bb6d559,58b8f4eb-2f44-4085-89e0-43ebe68c0a3a,2025-01-01,7445,211,42
1f9b20d4-e283-42f2-8ffa-13f7cc01dc18,9340a523-0cd7-4d66-b68f-06f3de43f42c,2025-01-01,4181,67,57
d99adcb1-8f03-4b46-946f-bb2e3a1660c5,affa8232-a2c5-4677-a157-cfee2d4d3f07,2025-01-01,6515,475,38
407d1f1d-0eb1-43de-8358-debd017b027b,f1c9a543-696d-44ef-960f-b52249d21ad3,2025-01-01,2611,693,1
4a946988-fa6a-4750-be40-21b34605bdb1,f6e60319-d6f1-4009-9cec-82d607fb5a97,2025-01-01,9140,603,92
293b6949-ca03-4d9b-95c4-7228521c1c69,bd13977a-2de5-4ca6-b2c7-b144ec83f271,2025-01-01,6383,213,61
8ac2e679-4efc-4b60-b8bb-129cc80dd1ad,fbefe019-9c0a-4072-9db1-5593b33d171c,2025-01-01,2450,269,24
6fdb1674-9fd0-4054-9800-b2f7ef6d838c,d9169a3d-d07f-4edd-b1d4-bb32baa23405,2025-01-01,8486,336,21
d32b3d6d-136a-4e4d-aa86-a03f74e37088,2bf9d5fb-839a-41f8-bd72-b6b39206a13c,2025-01-01,4806,910,25
a7f0a4cd-c9b2-48d4-9023-0b09f95c10bf,19f3618e-ad78-41ee-882f-92a9a4cfeff5,2025-01-01,1962,911,82
a578d3b7-2b22-4e3e-8856-c60918601a11,cbc2bf24-a75e-47d1-ac1a-712548bfe292,2025-01-01,9129,383,50
964ff041-3fd0-4da2-a5d3-d1aaa63a714c,2e28f3d8-dd12-4fa6-8c45-62796282d7b1,2025-01-01,5,892,86
6f8ecb63-7afb-4c4d-a5df-6596d6563b1c,779e8091-cb77-49e2-b0b7-f1a9682f03aa,2025-01-01,7687,387,42
d2e3cde3-5685-4aca-a95e-d77943dae1d0,d736cf4e-bf76-4cc3-996c-8db1de150ed5,2025-01-01,6563,823,94
239a841c-22ae-4e24-8802-4f2218e30817,39221314-f6a5-4a10-93ab-3643b7dc82b5,2025-01-01,6845,468,31
1c7d3acb-a086-49c8-bb2f-f3914f458e8d,e25185a7-d4f5-41f4-a789-bb44d2375160,2025-01-01,5500,438,12
347b11e1-b0e2-44f0-bbd4-021e196649c3,510fbad2-c593-40a8-883f-01fe8413c096,2025-01-01,6211,635,1
3d66b7b7-657e-468b-8a34-95893be38e1a,f8231252-2816-418c-b529-3026cb46c3bb,2025-01-01,4372,496,36
20cdd6e5-7a01-4529-9188-f20e3cb18afc,5d8c740f-1cd7-4117-a868-07f085404e21,2025-01-01,2895,258,74
e1617ec2-f9fd-4f27-a136-a3636ad8d473,20e7d7f8-7968-4885-881f-edc34502bad1,2025-01-01,4481,522,83
443f5f21-62b7-4957-8284-17addc449296,2f01783c-a8d2-4e57-a121-6de7bfc2771f,2025-01-01,437,727,89
b06030a7-a384-4c77-9db8-1cfcbca75258,725367a2-a011-4b5d-902a-10970e6b3f95,2025-01-01,4664,996,18
5b3fb035-f641-4fdb-82b1-ed02e9a4a759,25d097ed-131f-45c2-9a43-62595431f115,2025-01-01,9361,341,76
7d3354df-da54-4015-945f-5a0e9d068832,f927db62-c45b-4b36-9f8b-1a84a58aaca5,2025-01-01,3769,240,41
2c42f1cd-2c81-4c4f-bd7a-e267995d9552,9313e4d6-2d4f-495a-b72c-6c8039a9a985,2025-01-01,8211,456,76
fe1c6b21-0986-458c-919f-7ba870588f53,12449902-3baf-4c70-b547-7206703ee1ac,2025-01-01,4688,725,63
69062606-f78e-42eb-b257-392678367ce3,0634f46b-2531-4399-bf25-26f7fbb732af,2025-01-01,7635,629,33
75740400-8a8b-4b35-90a4-d69272583a20,30eaa864-8eec-4879-bc1e-85c6d061d283,2025-01-01,9060,736,42
f5050dc3-9c35-4290-bf66-edb35599ba0f,5b917df9-b7a6-40b0-afd7-1f685e5a7463,2025-01-01,9668,939,21
60413aa7-264d-45e3-8223-95bf9b6e9c00,805df634-a117-4492-88c5-f08d8b2fc31c,2025-01-01,8894,402,27
55b23754-0bdf-41f3-8180-c10972a14530,e9f4a201-c9fc-4c0e-80b5-edc3d6b377c5,2025-01-01,7549,459,14
34715f0c-3296-46c8-9282-b8c47b2abfab,241591b5-5d62-496f-a469-1879aac6e98b,2025-01-01,1889,287,37
ae9fda6a-4718-4fa2-80e9-2d0f8b43e267,e270eb4a-51fc-4b68-ad7c-5684303d93b6,2025-01-01,9666,808,21
5fd4c223-b873-4da7-8adc-e27ff837e7e0,9a863734-e786-47b1-82c2-f976cbc54db3,2025-01-01,9365,363,98
4e727757-9879-40cf-aa43-2c0ecd553891,146bc27d-00dd-4454-918d-9a762fb4bb01,2025-01-01,7857,71,16
1c421b46-6eb7-43fd-8947-01d0819563e0,9118ffb7-4436-41e6-9a1a-8e13a4ff2a36,2025-01-01,3059,268,1
ee5699f1-b04c-4274-a592-5a564cadb453,64c77275-40e3-4fdf-b4f9-ab87c64ec11e,2025-01-01,6379,868,89
804b1a79-fb31-40fb-994d-82af902cf943,f42ef134-9ad9-4292-92cd-aff7160a422a,2025-01-01,3268,746,22
47e887ab-7c6d-4696-a278-092e972a1d53,ae6cffa6-61d4-429a-9190-f8c29a3d5422,2025-01-01,5812,302,1
bd141f7e-3c56-4737-ae81-77668f8c7659,5e5981c3-7bab-4821-92cf-5487be2b1c13,2025-01-01,9496,532,12
07be268d-4b2a-47f0-aa47-879624bb94fc,b7390aae-f8f7-431a-9c1f-bb8e98a9fbf5,2025-01-01,2991,692,48
65d8f197-2475-4257-9553-db91c77f4632,65734054-5d12-4a86-a498-6f00c3248945,2025-01-01,9378,974,30
6b5b6fb2-c489-4893-932c-69b17194f4c5,c2909a05-a01b-46ff-b5ab-99a14e1809c9,2025-01-01,8529,541,7
fefdd838-1486-4608-b653-462d12d59b05,f135b887-6f46-4e92-aee0-d14ed168d0e0,2025-01-01,6873,882,73
9fb427c4-ad03-4311-a5e1-eb9bdf0e06c6,547c16cf-9597-478e-b46f-2fefac469736,2025-01-01,7133,374,68
637d36a0-0550-425e-b5a3-905b44550353,ac64e220-470f-4d6a-bd92-67599403acfc,2025-01-01,4670,963,6
d7a9bb9b-4cab-402d-83f0-3de55862e1e2,03401a1d-6d99-48c5-9937-467e0d3e5932,2025-01-01,3973,233,42
a2235a1c-b749-49ed-8724-b70f39e0b274,088356c1-1359-48ce-bca3-29556b3d591c,2025-01-01,5176,67,30
ffc07459-0799-433a-b056-8f9f7f22e636,c9be25d9-5084-4473-b995-0d1f5a55104e,2025-01-01,9514,669,54
9191476f-2dfb-4d74-89d8-5bdd252332a6,03ade0cb-ec91-4123-abf7-2f65e7f4427a,2025-01-01,2322,63,46
66fb682c-3ed3-4a43-88d9-4e65f265ee8c,bc2a2e0e-07f0-43e7-a2b8-9fd28fc35ab2,2025-01-01,9513,417,57
9a50c479-6ca8-4649-bc79-28e7fef48ca4,c35d3f44-ea55-4a06-b52c-fe32e16a21d5,2025-01-01,7693,733,27
262a75d8-06ab-4ff6-af94-4b0c68a74b0e,578a2614-943b-49ab-939f-42f93c91e6b2,2025-01-01,1010,969,84
75400e13-3b7a-4af4-9423-58eddc519a0d,dcca0b7e-4cd6-4b95-8dab-c00d53be6b2d,2025-01-01,7245,76,80
49e8d518-534c-45cf-ada5-264f9d02e7f7,2a607cfc-7f84-4403-9b35-a7b586f7d726,2025-01-01,6602,978,59
e67fe861-641c-41c2-b6a7-dd4c920ed44e,d6716325-d336-4dcd-8758-6f11449f8c60,2025-01-01,2603,645,24
6d82ef4e-d389-498e-94ac-1055eb13d005,f6c6a5ed-fe6f-4c0c-b53a-d6c2deea7c01,2025-01-01,7996,215,22
c269c16a-91de-442a-9f56-6c84881e3c5c,9a863734-e786-47b1-82c2-f976cbc54db3,2025-01-01,8452,474,69
e4981e81-ec99-41dc-9bbc-ed7c2398af83,3e019f68-e128-483c-a99a-cd876c7e9e9c,2025-01-01,9848,365,26
996a1a16-7aaa-4403-a73b-8f4a07a83598,0a992c2b-6da6-495e-a615-30bdf7a59f13,2025-01-01,6536,483,48
1a2ab0d8-cbf7-46ea-9afb-0f604f512141,442cb36c-eb4a-4cb5-a483-27b0a596b920,2025-01-01,2733,790,40
d3517cfd-7f54-4408-a3bc-b1e0d15cddee,5522b138-e60d-4205-897c-1a2ecd5f1310,2025-01-01,8658,732,54
3c1d34ee-3cc0-42e8-b1c8-5483006e1d88,e036dbe0-47bc-491b-9a6c-b1541d8792af,2025-01-01,4906,467,58
fa7698d1-e54e-4934-b9a1-a1565024b58b,f8231252-2816-418c-b529-3026cb46c3bb,2025-01-01,6773,792,55
cbea27c0-3837-4cfe-a149-af749ac366a9,2097ddfc-ce5f-40ad-8520-3a411625e753,2025-01-01,2364,248,8
553cf04a-d66a-4ebc-a46b-13d571aecf4e,6a785516-2299-41b9-ae25-24c416cae5e2,2025-01-01,2609,949,91
7179680f-3036-49f9-b0c8-5c139b48ab27,0cb4b5fd-ff03-4441-b568-3652e4275391,2025-01-01,7246,978,77
0deae9eb-6a5a-44ba-b758-e3dbe6cd54b5,1cf80a49-16ac-43ca-ab50-fa33cb1b790a,2025-01-01,2777,579,76
bfa99743-cc28-4a81-a476-806939fb6f4b,d6716325-d336-4dcd-8758-6f11449f8c60,2025-01-01,1349,489,8
e5f99b89-89fe-4e26-929c-c6c8cd06d6ab,01d12f9c-c2a7-4ee8-aa20-8530c254bda0,2025-01-01,6807,913,93
d0eb48ea-2867-4576-a4a5-b08ad39363e5,bb862b9e-1241-46f0-a14f-d5cb16e8be92,2025-01-01,6947,460,5
526c7016-5da4-41c7-ada1-6c1f00689f48,552b2643-4e4c-4a77-886e-17010de58edc,2025-01-01,7671,686,70
87863159-235a-4984-aa65-6a4b9e05f4ba,5a3a569a-e5dd-4349-9397-bd5435e02965,2025-01-01,6514,512,46
aa6cfc31-ed34-46aa-b402-e461470ccc39,082c6509-ae70-4c6e-9c75-9ce3f083f581,2025-01-01,2059,347,86
97fc171e-36ce-435f-8db8-67cfe82a4864,4323c02e-f43e-4bc6-8478-4eace2042353,2025-01-01,8361,760,74
e7d61415-cba9-4674-84dd-33b606dc3700,cac82456-4256-44a5-873d-fdd0b2bdc230,2025-01-01,9856,511,69
1caa03d1-a85a-41e7-aa8d-97f4cc8c4f0e,acb28fac-da4a-427b-876e-cee4acf3dc13,2025-01-01,2056,681,16
4ed611c8-85eb-4901-9630-72ca5e3df5c0,dfd6ec06-2c82-417c-b928-bf8bccb544ff,2025-01-01,9562,185,75
ed688b92-3403-4d96-a337-7a03fd0922e1,6e05649a-837c-4931-a52f-f32b332c686e,2025-01-01,2459,622,61
5600dcb9-81db-48f6-bb33-6fc7f88ac2be,cfe4a590-20ec-467e-9226-ceb9fc343c39,2025-01-01,3705,871,63
f3eb20f8-14c3-407e-a716-7cf02ac3d60b,ac64e220-470f-4d6a-bd92-67599403acfc,2025-01-01,764,450,90
c3350f1e-08aa-4201-bc99-f8eb6b7dec55,8a395b7e-9c66-4785-99d9-e143f9f1ac8e,2025-01-01,7875,852,57
db2725a3-a909-4932-ac12-022c14862ea5,db274da4-d1da-4566-a01d-80ec24afe717,2025-01-01,5075,524,18
ed88b1a3-c9d5-490b-b3c3-a4353f76d4ae,b10b93c8-d812-4bc0-8016-7a637bab554d,2025-01-01,429,939,69
b5f9882f-4cd4-4804-bedf-0a7250884081,8a395b7e-9c66-4785-99d9-e143f9f1ac8e,2025-01-01,7848,568,34
fe9b9907-8973-46e9-9df3-e04db4187e36,dc2a26b3-3226-4ca9-aa73-cf40a75da05e,2025-01-01,1793,23,27
c79173de-2cb1-493e-808b-610a217d46bf,77640fc4-5da3-43f6-9ec4-52a5986125e0,2025-01-01,7790,250,18
c1f69228-d85b-4715-9587-14f996aeb635,ae3654a1-b458-4ee3-b256-2f1339e07d32,2025-01-01,7782,101,32
65e60310-52fb-452a-94ce-82b88e40447d,74981e41-0431-4a8f-a6d9-d65858382127,2025-01-01,9373,272,43
fecb8cb2-29d3-48f5-aa5e-34e64d76ea3d,1e2e539c-7bb9-4de8-bd35-50917f3c9a2a,2025-01-01,6517,811,82
5c25bf57-007d-480a-9876-6560c84ea7e8,4ff9c824-b593-4580-9d56-160ae0b52f64,2025-01-01,41,738,22
f1ff6b6f-cdaa-4b83-85b2-37922b7dfe48,b99e18b3-a1a0-4ffc-8484-3fafb0fd7d05,2025-01-01,1791,200,33
c18f3ce6-c291-4119-9709-53e6f9a84d96,ee96f59d-099e-4665-89ff-2d2285ba7109,2025-01-01,9966,893,69
7c83ad4d-74ec-40e6-a2a8-17b40dd211fa,60523e68-4a9f-4e8c-98a6-42f0fddc974c,2025-01-01,9258,244,27
12478d59-e0ed-485c-b111-0db08b31a69c,9a863734-e786-47b1-82c2-f976cbc54db3,2025-01-01,8190,970,44
1a09ce39-2ab4-4c8a-ba2d-1fcb885e293c,8857345c-6c42-4b43-bd56-fe7bb37289ec,2025-01-01,3621,692,96
6a5e4ed6-4751-4e19-ad1b-8a7cde546a0d,2426a307-34b3-48f9-b3a3-ebc3feefc03a,2025-01-01,1153,419,14
2ef80302-167b-47ad-b927-78fbfd1d65f2,02aee259-05c2-4832-9328-20d5a1d7a9b6,2025-01-01,7981,643,8
eff49112-9aba-46a3-a1bd-02fadda27bf6,db274da4-d1da-4566-a01d-80ec24afe717,2025-01-01,1719,87,42
6e20c80f-5347-4dc7-b4b9-d56647bcbd39,993fa60b-ecaf-464f-a754-8194c2e75847,2025-01-01,8127,373,73
e3a816a6-c85e-4777-b5b5-640d0cc17c07,255d05dd-46b6-4f47-ba35-2cb8adff852f,2025-01-01,5897,793,78
45798c79-7897-4274-95d4-23eec5587704,4abd7bef-9156-4547-b0f5-90dc49b12e37,2025-01-01,4685,624,52
b6e53859-4bdf-4d4f-b764-518c42066143,dcb34ae6-437a-4021-81ce-8ce36e5b90a8,2025-01-01,5229,178,80
933e7d4b-e2c8-4cb7-9a2c-6c25b9dc74c9,11123104-0689-4fc4-880d-792fcba677d6,2025-01-01,7630,288,88
4a208260-8900-4b8f-bdff-ff66d4f3a8d9,8857345c-6c42-4b43-bd56-fe7bb37289ec,2025-01-01,5139,702,13
78e15e96-3186-4f34-94b7-7acda1271811,95ba56bd-567a-4cce-afc0-c013ee38f2e3,2025-01-01,3541,947,98
ae0489ad-0254-4fcc-afe9-74ebffec3ce9,df77ba8e-1aa7-4385-8d09-f1da8b879213,2025-01-01,1936,950,95
bc48d6b5-de17-4f5d-9e94-f3d6579c3ac8,905068bf-0040-4093-8fe1-919e5e762260,2025-01-01,9895,352,82
83a69abe-2dd6-40c3-b3e5-3f9f58808450,f992d12b-a879-404f-98bf-3ee8aa41752c,2025-01-01,0,978,32
650598e5-b91a-49d6-8c94-d510e43402fc,02f3e7a0-7fd2-4481-bc3e-2867d4e88b5e,2025-01-01,4781,656,34
4f5cf08b-5926-4b61-9f8d-396a8663267e,c4ca937f-8420-4125-838b-31e1d9a98620,2025-01-01,3173,701,94
e34f4b95-e292-46d5-8aeb-e62444fd15ae,e5a5d264-b40b-40c1-8f67-9a5a92eff182,2025-01-01,5018,452,67
9630867c-db55-4a5e-8381-b8723bd26a66,a488eca7-6c54-465c-9d1c-9f9aaa02cc40,2025-01-01,3167,140,26
5093268a-c927-4640-b375-d232f95834cb,7189b766-e6fa-4373-8703-8ac0de824398,2025-01-01,1272,433,72
f9be71e0-7bc1-4206-ad20-8b3e51746300,3b639d41-a36b-41d8-97d8-68988234e90c,2025-01-01,8318,13,88
bcaf16fd-abf9-4bab-85e0-a1af3469ba80,ef875789-6553-4db8-b19e-966474e7c6bf,2025-01-01,6778,965,67
f67dc151-d1d1-41bc-95eb-cc879a8d881d,cfe4a590-20ec-467e-9226-ceb9fc343c39,2025-01-01,1024,758,25
8ce3c735-2244-46c6-a534-9a8a1c8147d1,95c8fde6-fc7d-488b-b89e-527c48f79260,2025-01-01,3570,128,19
2e53ca2c-b923-4731-ad79-bb168d121370,e1a3db19-4d2d-466c-a9f2-f1869f58596f,2025-01-01,2952,808,5
85ec9495-7e5e-4146-8b60-c1328822cf1f,518ce431-0a92-4b5c-90ff-a28f8cc3e623,2025-01-01,8947,27,22
93b2489c-527a-49ab-9beb-019c8c4dc06c,54ecd295-c510-4c08-a059-1aeb7a51f619,2025-01-01,6739,407,72
3a4d3930-0552-459e-ae7e-21ee5dfc3155,b3fc9f35-95a3-4390-9697-f3c0c23be2d8,2025-01-01,9240,646,5
11296681-1c0c-4d83-8f5b-017f14f3b94d,7189b766-e6fa-4373-8703-8ac0de824398,2025-01-01,7124,401,63
8414e299-048e-4b86-9604-a46b562cc535,993fa60b-ecaf-464f-a754-8194c2e75847,2025-01-01,5681,168,58
e1a3616a-11dc-4919-987c-e3fe80484ee0,4472dd7c-c84c-4b28-ad87-dfdedb533042,2025-01-01,5504,388,98
f62efe1b-ba99-4cb1-a500-7f230fce562f,b99e18b3-a1a0-4ffc-8484-3fafb0fd7d05,2025-01-01,483,131,27
798e70b4-4838-4d92-9076-c8a98251ee52,ecbf6632-e552-4cec-a9a9-f800ac311eac,2025-01-01,7549,936,70
56ea4a30-687f-4cc6-9f43-b98f70823239,b3853a75-9ce9-409b-a376-c415766a0128,2025-01-01,8719,364,20
843654fb-db88-409d-87b9-7711a15e71d2,b5cc4593-58c5-4acd-a355-253f2fe06d1a,2025-01-01,7097,378,73
32d97df2-28ec-44c7-96da-91f067f0cbb8,68b22ab0-e639-46f9-ac7b-3ce6f3d7b4dd,2025-01-01,5893,40,72
38e3deca-9a42-4fc7-9d04-6ae1e7274d94,db29423e-7f3a-4b46-937f-09b85283f907,2025-01-01,6818,290,85
d7681725-dbfa-483b-8260-12935e8349b1,3564f8a0-5021-4c80-808e-26dd1021c174,2025-01-01,2197,30,23
af2ae9b3-1c87-4e8d-8954-d7f10fd96394,e6d6344e-debd-4788-a203-aece2a89ce3e,2025-01-01,5532,36,76
9bd6d35f-7d92-4e80-93e4-ab2bc57e8c61,9340a523-0cd7-4d66-b68f-06f3de43f42c,2025-01-01,1769,485,9
54bcebe7-2f57-4673-ba75-494d173fb087,d8c01ed3-3c9a-4ff1-8f9a-c95ab46edfc0,2025-01-01,9637,765,45
2aad3395-a28d-4988-847a-275d56d6b384,a1e6eb7e-5072-4a1f-864d-9fa16a0c72a1,2025-01-01,49,158,50
6f7b27b5-48b0-4117-9376-499fe054c858,6af7e714-1d50-413f-a1fe-c7e7998bb209,2025-01-01,1012,677,43
63d4d3ac-bd42-43a3-8359-057edf554334,c08b0b98-a10e-4da7-8b29-92190ca99e72,2025-01-01,6310,632,12
c9260c30-1d5a-47a7-b5ce-db0117e77fa1,cf051087-83e5-46a0-81ee-79429ae82282,2025-01-01,8188,262,9
064bf33f-9e9e-47b0-9641-6d84db1bb4ff,cca67f2b-e493-4c54-96c1-d7d5fa68a47f,2025-01-01,6527,949,28
5406f201-2509-4051-be38-96808ade416d,c07d432e-fad5-45f5-a5c8-d277b3931a75,2025-01-01,3293,988,5
01545b2b-2651-4cf3-8547-a741f9178c51,fd49f361-ed20-4693-b39d-2438187341f1,2025-01-01,9563,440,33
a498b83a-5a46-4180-9ae9-9ac933fc24c3,f6d350d2-b417-4ef0-b8a9-895383981043,2025-01-01,5942,569,83
b5f91a3d-f9d8-4988-b3ad-0731884db614,d3be4c6e-a827-49d2-bcbd-91022bcb16e4,2025-01-01,4765,657,8
3214f39d-26e2-4777-8ec8-896c9815b478,5b917df9-b7a6-40b0-afd7-1f685e5a7463,2025-01-01,3142,233,31
fcbb214c-7fef-4f8e-a32d-990c3912bfb1,14f56522-6e81-4066-9cfa-c98791636e4d,2025-01-01,10,766,16
cf4b4b55-12c1-40d8-b287-2ef425fe93fa,216201d5-32ac-4669-9732-e31b7e7bdcfd,2025-01-01,4058,958,18
c3dcf862-ad3a-4ff8-b586-42477fe639a3,1c829cd4-496f-4987-8a54-917438aaf301,2025-01-01,1454,696,9
82cc0149-1c43-4c49-8edf-ee6ab97d0695,154f15eb-d4b2-4b62-8088-90920093ceec,2025-01-01,8870,91,71
34170d46-4f60-4397-8637-3c63302790d0,93578d8d-c22f-4340-b36c-505b5fc275e9,2025-01-01,1744,249,68
4e712f0e-f955-46d4-9e28-af65c30b81b5,40036de9-8633-4570-b3c2-aedca99ebb71,2025-01-01,2342,504,32
fb2568e1-5268-4157-9abe-3e395fafc7e1,9209b661-e487-439d-b3ec-48ff378f18ca,2025-01-01,5912,810,71
d449fed4-2f1a-4fc0-a8b7-8c40ff92ec65,bd13977a-2de5-4ca6-b2c7-b144ec83f271,2025-01-01,5780,267,92
d1c2be49-a016-4481-aa58-c62417a0d045,6b5007fc-9882-4826-8339-7d96acc84618,2025-01-01,3663,338,3
30ce9e6c-562a-4d65-97b6-de8483a5a913,6111c8c8-9c17-44da-8e32-6e04f886e886,2025-01-01,5234,302,53
0d05b607-f89c-4f8c-a302-2081a1474f17,dc438e54-6408-4910-bdcc-a283e1644042,2025-01-01,2586,68,92
2f424081-eb58-426f-90b3-efeedf474b2c,53ca289f-9532-4c3d-8d36-428bd08a5a61,2025-01-01,4010,335,8
48b1fe6a-5fb2-4b2a-8e2b-8192ffa19477,11833a25-03d4-470f-8327-9dd93f76fb72,2025-01-01,3648,818,94
1314b199-21eb-4245-9429-d1f283e719c7,2df6ce56-f96f-4227-a894-61491e011e4a,2025-01-01,2764,110,23
43595831-b336-4b74-800a-09b8df8ea90b,a682bf81-5683-457e-8e97-d48a67bae22e,2025-01-01,71,72,3
59a560a5-a923-4948-ba37-410829fc9064,c59dd9af-88a7-4423-840d-775d19ec1f18,2025-01-01,8352,920,93
e449a994-7ac6-4fa7-86c9-a8ee9a48272e,14f56522-6e81-4066-9cfa-c98791636e4d,2025-01-01,2972,480,54
a653846c-9740-47d3-8a5e-d605b75b21a3,5abb10ea-dfa6-4355-b73b-67254031e567,2025-01-01,3401,570,31
9d2bc6e3-6163-4414-8bfd-93ef6f8383de,83cf0997-f638-487d-b050-9aacf287b492,2025-01-01,4967,77,45
93c6fb96-f799-4cd1-9b7a-7d3c03745a30,b6b687b2-66cf-42d1-9cbe-3497769e5b49,2025-01-01,829,485,65
9edf6ced-e5c7-4b99-abaf-7c926bb2d804,1f7c5978-0c76-4ea2-b679-4d33b96b013a,2025-01-01,5069,182,12
bab98a2b-dbc4-4765-93ac-693b2fee627f,a4a8b192-91f3-4c3b-9c22-6124dc5c3ca3,2025-01-01,6531,278,97
f4604177-4499-488c-b563-cb3526c48bc1,aa365c5e-37f7-4c08-82f1-6863b0a67c2a,2025-01-01,7710,658,78
dc4f25f8-a87f-4cef-b35a-f3dc041b2379,87f9af78-562a-48cf-a425-b824ff1e51f8,2025-01-01,8893,494,37
ab4b9bc7-708c-440f-9a15-132fe380eba0,a8ec983d-0ba6-4942-a674-9b0d09eef5b5,2025-01-01,9727,275,46
7c379358-042e-4773-860d-07cf16e98e86,59b6bacd-aef6-4406-9bc5-136a8a793915,2025-01-01,3927,992,54
1d7617c6-4ceb-4eea-b50d-7bd2ea350ee2,0c182871-78e7-4f6a-a877-804f431afe1e,2025-01-01,3433,147,45
ab836984-bc36-4ee9-a18f-4cfdd20ec794,fd967c44-cce9-4a29-8afe-6f69738241cb,2025-01-01,6568,113,4
8096b83d-a5fe-40c5-9a42-9127ef1c5dcf,30343466-e080-417e-a943-24c1f1a4d7ec,2025-01-01,1557,497,15
2a366835-b7ed-459b-8cd6-13d272b9b501,b6b687b2-66cf-42d1-9cbe-3497769e5b49,2025-01-01,3246,32,27
69f3176d-094f-494d-bd80-f4d19e13d545,2a579709-6f78-4378-af26-8af60242a192,2025-01-01,9013,895,81
bdeadf5b-1ea9-4e52-abee-86595d0b4e3c,65734054-5d12-4a86-a498-6f00c3248945,2025-01-01,7831,79,89
cf2a1441-62b0-48fc-8b96-db5e87364e92,2f35ca78-41e9-4e2d-8a6e-60c3472bb57c,2025-01-01,4370,942,56
daffd0ce-7aab-4dc8-b2a9-b616f6e7ec54,9c2b07fa-89aa-4108-b98b-e0a58c297344,2025-01-01,9254,938,14
12f9e7ee-d405-41bb-bb74-ce9029966d2e,94b15b98-9e2e-41b6-ad39-8b7ba53b096b,2025-01-01,3343,995,19
db4e53a7-84aa-4dbd-9890-852ae13b5021,fcb5562d-417b-41f1-b98e-d3b6cd47e85c,2025-01-01,5187,633,14
b264093d-c670-477a-ae12-3152b36516c4,cb2713f9-57fc-4936-90ae-761c7eca43f0,2025-01-01,8889,387,93
fff9c9bb-9715-4de4-be84-707dee737ffa,c2557869-b671-4faf-9a5d-2d36ddd315c4,2025-01-01,7794,715,83
6a523e87-48c5-4fc6-9cea-9ba8f243bfc7,082c6509-ae70-4c6e-9c75-9ce3f083f581,2025-01-01,7370,193,65
01a81647-5d0d-46b6-8839-9acae66b53a6,6d1e0ca9-8c65-4419-8340-1cae89dff2fc,2025-01-01,4966,762,45
c96a9b70-ca5f-4e38-84ed-9db3ac73a2a0,c174195b-3adf-40c4-8735-b9978275c363,2025-01-01,7554,323,19
a5b2cb87-80c5-43e9-8beb-62490f6f61a4,68b22ab0-e639-46f9-ac7b-3ce6f3d7b4dd,2025-01-01,9531,92,88
e5855c19-e5f4-4306-88f6-b4cc15f3cf36,5abb10ea-dfa6-4355-b73b-67254031e567,2025-01-01,922,684,34
d4d484c1-caf0-44a8-9ade-537bc8c61a16,26b0d100-1f31-4470-ad10-15edec15cb2f,2025-01-01,2340,534,36
8391558b-ff4a-4f39-8134-0975ed798669,a1e6eb7e-5072-4a1f-864d-9fa16a0c72a1,2025-01-01,2317,942,56
a8c68f5c-7013-4e0e-b020-0c2c6c3c0055,e9f4a201-c9fc-4c0e-80b5-edc3d6b377c5,2025-01-01,9216,703,18
7562d704-9308-4233-b43c-6aa90d455aaf,796d0989-10f2-448e-a2e0-d3c7ca228af6,2025-01-01,1368,271,57
fcd76888-898a-42da-87c2-020452df7930,03ade0cb-ec91-4123-abf7-2f65e7f4427a,2025-01-01,2305,259,47
f4061440-aeda-4e87-a63f-6a24f4730dc4,c578a6a8-4eb1-4e6f-96e8-368846e50844,2025-01-01,4020,121,66
cdffd71c-9348-4054-a30d-3f1985c98bd3,6c7c0a46-ef0b-44eb-a362-0b74c6c133b9,2025-01-01,4244,78,67
36a60bc5-9396-404d-8c90-c8ed74619f88,7016175d-5293-48c6-8773-7907ea1ac9b8,2025-01-01,686,408,64
4da9d871-53d6-4166-a378-facaad26e8ed,f927db62-c45b-4b36-9f8b-1a84a58aaca5,2025-01-01,2535,233,0
a33c2cd4-c406-47ac-94cd-0a0b0d12693c,c249e5b4-2893-4265-adf1-2de4c4ec4451,2025-01-01,231,728,86
12c91f64-218b-4c47-a4df-4e8397f1dedf,ade1f573-aa6f-448f-be46-f2d5344891af,2025-01-01,1087,58,59
7a9090a8-cbc2-4c1c-a436-a479727af2c3,16dc87da-34eb-4980-b05c-a5e2e0a6e470,2025-01-01,7730,487,73
f2dd6bf1-53b8-4f0e-aa1a-6f81f85d3626,01c3acaa-ecbb-46a7-a973-e4077883dd2c,2025-01-01,1452,108,14
b4626c99-189c-4d1a-9a09-64d01332e165,47938847-6f2e-486f-b786-a3eceb468480,2025-01-01,4760,998,59
9622644c-4978-4640-9e40-d03c97b296d2,a1bcbec5-533e-46b7-a1f4-89489f6ade8d,2025-01-01,9378,72,99
dbb0b18a-8569-4579-bcc5-faab1d3efc81,76c338d5-e2d5-4436-8b70-7101632428cf,2025-01-01,6534,516,41
971e1a9a-79fa-4889-a376-668ec0a6ad75,e04d7da5-ffd5-45bb-a91f-59aa7dd44b41,2025-01-01,4372,704,35
6685ef35-4de2-444c-88fd-692c0bccc3f4,0cb4b5fd-ff03-4441-b568-3652e4275391,2025-01-01,8730,13,37
15cb4797-d283-4447-8a9a-8a5ca63669c1,fc2aeddb-a2d0-4ea6-87f1-fe4a94cc61f5,2025-01-01,1680,559,45
8b21148c-7e22-487e-a46d-dbded5ee999a,f6d58102-7aa6-4c89-b9ea-ce5010429043,2025-01-01,7512,998,2
3fb6aff8-ac77-4d9f-840f-1b3d0d0dac32,e95a5141-ae72-4c1f-80af-224d18df5383,2025-01-01,2072,779,20
11810ae5-38a5-46bc-afcf-9278d9068ee3,578a2614-943b-49ab-939f-42f93c91e6b2,2025-01-01,3024,825,66
2dd90410-099c-481d-887f-d5b0ac80bdb2,3c6210b7-5f94-44c6-8732-40112697f691,2025-01-01,2936,533,7
ccf861ad-8ec5-463e-b80a-c7543ee30627,578a2614-943b-49ab-939f-42f93c91e6b2,2025-01-01,7586,37,92
e439c1d8-d866-4791-88a7-b164cc8a0e1a,2a607cfc-7f84-4403-9b35-a7b586f7d726,2025-01-01,9333,61,47
6a8e03f0-cb6f-4412-b8ce-6238161bb6b8,00de2e69-4235-4827-8274-2a12da1b8809,2025-01-01,686,931,66
722b6003-e6f7-4a52-89a3-9a0ca7903e00,a682bf81-5683-457e-8e97-d48a67bae22e,2025-01-01,8515,626,37
e3e66781-d668-4a96-bbcf-0cc177877bf2,bc09222f-c775-41da-843f-fa5ad2a5222f,2025-01-01,6485,923,52
be7f50f4-f36b-4b53-8800-92a692cc964c,815e7d2c-3456-4458-a345-7e6fe3e94a3b,2025-01-01,8415,414,6
3e8f8c45-cddb-452e-8dd1-55feadc0ff8e,7eab486f-bd6c-4902-bf89-a061a4d85fa3,2025-01-01,6941,69,38
c296d875-eec1-42a7-9271-4cbbbfe358c1,59277166-0596-4bd7-8aa0-b1df5aeaa255,2025-01-01,8573,501,27
17a2bf1f-a594-4e7d-a16b-51c0bb98be97,3fdab2e9-d2ce-4630-951c-25d54391236c,2025-01-01,5183,786,0
8efb4c26-256e-4c71-8065-4a8f7986aa47,ddee81ca-7448-4690-8b9f-e99c6e0aebed,2025-01-01,9547,697,29
aae78f24-adc8-475c-aa67-788823184dd2,60523e68-4a9f-4e8c-98a6-42f0fddc974c,2025-01-01,6332,281,77
cd77d5aa-5873-4c53-abe0-86a12f6e9ae7,98054618-b676-45c1-92f9-4af4460831c0,2025-01-01,2042,561,7
57ab1396-ccad-45b8-a589-f4b9b1ec20fa,230723ca-029a-49e3-b308-a743d4585b94,2025-01-01,7342,733,62
19139097-2f22-4cdd-b33a-5f576bc9efc1,58e5958f-b2b4-437f-b5c4-21d13dc5b9b6,2025-01-01,957,100,79
2965aa1e-c483-4f46-b966-68eb5ce5435d,83259178-8572-44a1-8b35-8a59f1bc8196,2025-01-01,2521,494,20
846d3670-778a-4a7e-8684-0116fd1e1b0e,fd49f361-ed20-4693-b39d-2438187341f1,2025-01-01,7593,837,7
ad75530c-242a-4b44-b6b0-b4d0d6ad2a44,2f35ca78-41e9-4e2d-8a6e-60c3472bb57c,2025-01-01,3157,643,62
bad3d19b-db79-4666-8d77-8cbb29ce739f,d736cf4e-bf76-4cc3-996c-8db1de150ed5,2025-01-01,2066,785,86
690f6fd4-7b85-4bcf-b0b1-3ce6036a7839,8b1c4024-1bf4-4287-a8b5-f86c0eb7248c,2025-01-01,3578,286,22
800c271e-a7ab-49d6-8099-abe0df366402,a4a8b192-91f3-4c3b-9c22-6124dc5c3ca3,2025-01-01,4821,81,65
b57b5cfe-8176-47b5-9169-fd75c34a18d4,e270eb4a-51fc-4b68-ad7c-5684303d93b6,2025-01-01,1952,171,88
753b64ff-06dc-41bc-ab17-5bb320c7dd26,ba87e769-be70-4814-83d6-4701f971a7b0,2025-01-01,6991,631,97
4fe1ffac-1533-41b1-b4f4-19e3d931e5fd,dfc0fb7f-9777-4346-80b7-23b10132e1fe,2025-01-01,2691,709,74
1dc1c827-bb1e-4740-87ee-6667811bf45e,5abb10ea-dfa6-4355-b73b-67254031e567,2025-01-01,2524,276,34
b2b68dac-d265-4380-a73c-a30423a2ba57,f7d12d27-d34d-4871-9ebd-5d25aa83a81f,2025-01-01,5497,11,89
1b26493b-042b-4a04-aaa9-b37796a39428,a13fa6de-b839-409b-a1d5-a9a16702538c,2025-01-01,8585,480,40
1fc8ab11-e4f9-42a1-a58a-1e57da930d23,586d2bf3-4330-458a-99e4-64ee921d9a30,2025-01-01,7337,310,81
ec93bb5d-289b-4267-81ec-06762df74ad8,68ec07ff-c21f-4b44-b55f-69f5f05caaf7,2025-01-01,6068,962,49
ac169f93-b091-49b8-8c05-0a45dcd09de6,6089d271-cabf-4020-b0b5-57f0574b2a83,2025-01-01,7723,573,3
e403fc45-f5c3-40d6-b423-d082b9763532,0e406f0a-9d32-4d5f-9a5c-d7e0f2f64995,2025-01-01,9811,493,27
b88b3f3e-2442-455d-8570-cccdc4c0d4b9,22b7be10-8fd9-4c3f-9dc2-60b7cf97e02d,2025-01-01,8857,16,89
ec2cbebd-ed9e-40bb-8fa0-7ae07faf1e77,ae3654a1-b458-4ee3-b256-2f1339e07d32,2025-01-01,1491,927,39
f3ab304d-8865-4c14-adde-6b207767b338,1dad9f63-053b-42e1-8b62-7f4281af6a20,2025-01-01,7566,189,64
52ea3456-c691-43f1-83bd-f647455c9eb5,3fdab2e9-d2ce-4630-951c-25d54391236c,2025-01-01,4380,343,7
f3c04909-0f24-4c37-a410-856b4ada2374,eeb05a88-2c36-4cc6-b715-e3c54b9d1a7e,2025-01-01,4403,250,85
9eee867a-a5af-469f-b0dd-c7816ef45ad3,0577c43a-1b91-44dd-b531-e2adafa9ac8f,2025-01-01,5980,267,17
06701550-e741-4ff8-8a72-6275184edcf8,1d53243d-61dc-4cf2-b23f-13d02a321a55,2025-01-01,3844,540,39
545c4161-39c2-4452-bf55-7fea1a2e6e2a,edeca2e4-2ff9-404f-9a4d-d143fbca3e54,2025-01-01,492,923,19
79355f12-4c21-4f28-9380-b75f4defa4c9,3dc4d808-882d-4eba-a666-54de9a4390cf,2025-01-01,346,44,70
de084cb8-554b-4154-aa38-be66d0dbbd9f,088356c1-1359-48ce-bca3-29556b3d591c,2025-01-01,2825,116,44
21b8fa91-93eb-4145-a1cf-6b4a17c0fc9a,c077aa34-00c4-40b2-8870-e5866d4c9a98,2025-01-01,8274,802,86
b5762ab4-81af-4b73-b459-111623889106,c138d1da-0e95-4b1d-9c98-b21502a8c088,2025-01-01,7260,201,32
ddaf7cc2-b04f-4c0e-b972-33457aaa2f5b,4faa78b5-ebcb-4f5d-b076-472806558c3a,2025-01-01,5314,624,34
5eb20468-b1b5-4f1f-ae40-816de4ff7819,6c3cbc77-3ea6-4bb0-b038-10bad28721e9,2025-01-01,1188,572,94
0883990a-0d2b-4c31-8c32-c9cda983a396,caa375e8-be80-45d5-ab34-24ebc3d00b13,2025-01-01,2398,859,16
fcf2b850-8db2-40e1-9ad4-c8e04f1551db,f8231252-2816-418c-b529-3026cb46c3bb,2025-01-01,176,747,18
48f1dd11-627b-45e9-879b-b49f1bf401ec,6ce44609-935a-4eb1-8cff-ba4665c9761f,2025-01-01,1114,352,77
4f0d4c39-d4fc-4b69-a1b6-8b06c3bf6225,c8d78ac8-9f50-4876-adc6-97bf5c1befcd,2025-01-01,3019,96,14
d0afeb4a-f540-4fc4-9fe9-1b8932bd3cf1,3a8be85f-3453-4991-91b4-6fa509690071,2025-01-01,8305,480,20
af37f251-dd51-478c-8266-4775762181d2,dcb34ae6-437a-4021-81ce-8ce36e5b90a8,2025-01-01,8659,526,43
b3c24ecb-d813-4a89-ad91-e168bfa3d7d0,a4a8b192-91f3-4c3b-9c22-6124dc5c3ca3,2025-01-01,3933,197,16
b0cef4ae-5c87-477f-966d-5125f7ca36ea,ca8ab063-c586-4cc6-9a0a-ebd3a8c48044,2025-01-01,9790,860,34
8a6b88bd-4267-4ead-bcc4-213c1f9bdf3d,22b7be10-8fd9-4c3f-9dc2-60b7cf97e02d,2025-01-01,7131,652,77
bda62adb-7771-4a98-b253-b575019b8818,3a8be85f-3453-4991-91b4-6fa509690071,2025-01-01,3262,221,11
8d1da8c3-cbc0-4011-add7-20837fb6d1ae,76a863eb-c525-495e-9aa3-bd776496e99c,2025-01-01,5955,651,20
1ec7f0ae-0e22-4807-865c-1e3b1cd31b98,1f7c5978-0c76-4ea2-b679-4d33b96b013a,2025-01-01,7687,663,63
607b41ee-b8ac-4df5-b92d-62e36d2321a1,f707bfca-5aeb-4425-b2e2-b0df5279639b,2025-01-01,8751,864,2
a07dfdd6-5aff-4e22-b5e1-a88657de61a6,586d2bf3-4330-458a-99e4-64ee921d9a30,2025-01-01,475,66,34
4fa23c0e-a9b0-4cae-9523-38002685494f,600f31fa-c24a-423c-95d8-af904ad2a40c,2025-01-01,1542,764,98
972dbcde-d4b0-422b-82dd-81c2f86fa120,db274da4-d1da-4566-a01d-80ec24afe717,2025-01-01,1102,437,67
efb8d04a-382d-48ed-ad63-f3da1bbba392,dc625079-99ca-4d02-8e0b-659a70747a37,2025-01-01,593,936,17
05fa0caf-a380-4da7-b0eb-8d6fb0b334be,0282fb1f-8cee-44d2-9a13-164de0b93daa,2025-01-01,6179,369,79
6921429a-596f-4ebb-a038-8e412b53b805,33dcdb93-1c96-45e0-9770-1ff8048159f3,2025-01-01,2647,785,77
91344dc8-7f72-46b3-ab98-b82ab35861db,e649d949-3943-4233-9676-af4069f0a343,2025-01-01,3497,116,52
4d43a838-231f-4662-b585-6216f5e03ff3,14492c8f-55c1-4de9-a5ea-af0816ecfd95,2025-01-01,7235,319,23
827b7380-a695-4abf-b686-f91cf49e4849,8c3d635a-e37b-4d46-9b84-e52869883d51,2025-01-01,943,90,3
99097948-55d0-4f6d-943b-b2f5366dfe08,7ea5bc61-6fd5-47ef-83da-10617f09ed2e,2025-01-01,3589,787,88
1c5918b8-ba07-4802-be1f-f696fdddc3b6,fffb227e-3df1-4c7f-b54d-c5b5b16c82ed,2025-01-01,3438,968,78
e68bfbb2-e812-44d0-a8a5-c6e65799daaa,20aa9235-9f21-468e-b261-7779f4229992,2025-01-01,5720,712,20
8539c6e0-d8b9-4fa9-9a81-335789a55d8b,bfb282d1-a893-46f6-b941-09b81fe57b85,2025-01-01,2792,288,42
3eb054fc-5039-4b98-985b-d16540a35813,dcdf9f86-b558-4a29-904f-4b134f5efef2,2025-01-01,791,281,75
c07e82ac-2568-42a6-a879-ded81e94b9aa,7b47d030-8762-4bd6-81ab-083cae7ef866,2025-01-01,2996,551,44
bb9c9bbd-9bf3-40fa-a9ab-f7b4819e2aff,6111c8c8-9c17-44da-8e32-6e04f886e886,2025-01-01,2971,66,87
97146618-e44c-4021-aa4a-a7d3a406bc07,21433cb2-4623-46ea-820c-61453aa6e757,2025-01-01,4321,661,6
47307021-6538-4138-aec8-dbdded0405e6,9aed4394-544c-4b99-af5b-ca774de3a115,2025-01-01,1853,512,96
41efc563-51a9-4b1b-9723-2edfef72d084,07437943-08ed-4ebb-aece-1342e20ac2a9,2025-01-01,262,73,55
e16289c7-2231-4d85-91f9-df650e9e1a36,656ba777-d04d-49bf-afc3-3fd1d428b57a,2025-01-01,7705,502,33
93f9cfce-1cac-4e41-94e7-b46c76181669,e6d6344e-debd-4788-a203-aece2a89ce3e,2025-01-01,5004,140,84
030e0e08-04dc-4bc6-a12d-30538ceb007c,ae3654a1-b458-4ee3-b256-2f1339e07d32,2025-01-01,6345,240,97
255de63e-050c-44d5-92e5-b6d5211fa5a9,9e81a5c3-62e3-4e50-9736-84e568b7342b,2025-01-01,2079,941,77
d8b0450d-c2cc-462c-8d35-6bc8638904f0,8e047740-a054-4d96-97ac-f29677a32731,2025-01-01,3175,21,19
d5484279-3c86-4965-ba66-b6d7e52ea0ad,33329b71-36b2-4bcc-bbe2-553c8ee84832,2025-01-01,7588,660,71
6d277e06-db3d-4253-af76-3ea51d876079,e25185a7-d4f5-41f4-a789-bb44d2375160,2025-01-01,8998,206,51
b160a01c-a9cc-49ab-b043-d9e3d4036188,401b8e61-4026-44f7-a3b3-510296543b1e,2025-01-01,2905,550,28
530983fe-a321-4291-8b88-9563b23901b4,b46b89a8-8d5f-4ccf-b488-2e85939b09be,2025-01-01,4870,370,47
370c0f83-6e90-487e-bff9-3dea9b7c9091,3fdab2e9-d2ce-4630-951c-25d54391236c,2025-01-01,86,506,50
ee5b29dd-f9d6-4c4d-af8c-0b184b2a6525,08618bc7-6318-43b3-bfbb-43ea1a5cc8f8,2025-01-01,5985,325,75
e5600040-4ffe-4f43-9bb7-ed579aae57fe,fad087cc-913d-4223-828f-456d2ec3d21a,2025-01-01,6778,127,30
8152fef7-088b-419d-8957-c50c7588b068,59066a33-35fe-40f0-bc59-8c92029a856a,2025-01-01,4166,164,27
ec536321-99a0-4ac9-8562-b03ef7814f5b,a0ec8e6e-777c-4b26-86a2-6fc8471bafaf,2025-01-01,9969,831,95
5c9f1eef-28b0-4fbc-b3ed-178826a279b5,b4f539b8-b889-4636-ac09-c0b20a603fa0,2025-01-01,7705,992,32
b30e3b82-d422-4b87-b3e4-58a774cbd188,a322d142-71cd-4f9c-bbcd-8a392329da2c,2025-01-01,7076,735,80
9c975146-e1d9-4aee-83ec-23117138fe54,83cf0997-f638-487d-b050-9aacf287b492,2025-01-01,2374,401,71
ebc05ca5-cfa3-407f-930e-949cce927de0,5e548f89-e441-4047-a424-d5fd15c82bb3,2025-01-01,7225,96,72
45d8df39-ee74-404c-83e3-353472b0ebe4,30eaa864-8eec-4879-bc1e-85c6d061d283,2025-01-01,9454,586,91
dddb4954-0a85-4130-87ec-89cf66eb12f6,5d66bb31-1b26-4a41-b20e-c320982d5f15,2025-01-01,3619,716,63
8a384b55-f414-4e8c-b4e9-01ae6b5b46c5,f135b887-6f46-4e92-aee0-d14ed168d0e0,2025-01-01,9313,288,18
f38d6452-c659-4366-8f19-1fe8c4a56108,a4a8b192-91f3-4c3b-9c22-6124dc5c3ca3,2025-01-01,4391,37,50
7e2cdc6e-44e4-4362-b387-24cc5b9f997e,6c23353d-69e3-4e15-90c5-990e19a7e24e,2025-01-01,4089,369,77
65f13d2c-de9d-41dc-bb3f-f8d6c5405885,53ca289f-9532-4c3d-8d36-428bd08a5a61,2025-01-01,1452,801,69
af57bed3-d04e-4850-934e-2226072e77ef,dd09673b-a759-431b-9f7f-02faef8d8c74,2025-01-01,2163,852,28
98bb3e79-a239-4fa3-bb40-bd0fba7cab1c,00de2e69-4235-4827-8274-2a12da1b8809,2025-01-01,2176,942,3
edeb26d9-cf0a-42ac-a69b-c991ffdfc95b,4c1bd012-f3de-4cdd-bdd7-c663c4bc33b1,2025-01-01,7356,253,46
b7ef9d6d-b73d-48bb-8238-509a57d2d427,6c7c0a46-ef0b-44eb-a362-0b74c6c133b9,2025-01-01,7020,308,76
7a94c394-b7ad-4b6b-8fda-8e256920818d,22711a77-2eb9-4c75-8e15-fe0ff21f1345,2025-01-01,5863,959,42
b0d5de7f-cd9a-4d26-9044-11e16de7eb8d,fc2aeddb-a2d0-4ea6-87f1-fe4a94cc61f5,2025-01-01,7057,534,26
2f525c89-01c0-49ac-a8a4-04c558e75822,46063565-a3ac-47b4-a636-709751923d17,2025-01-01,23,125,92
e166db12-6163-4f3e-9976-42c0664247f8,4843396b-02bc-484e-b0ca-6b6d99087dff,2025-01-01,2582,838,48
fc0b18d4-c73c-426c-9e0f-6f951e025c27,68ec07ff-c21f-4b44-b55f-69f5f05caaf7,2025-01-01,8966,718,68
3dbbc3ab-f342-4b97-a43a-a9d95be744aa,f9f4f9bb-2b5d-4c86-a0e5-a8eb292b1699,2025-01-01,958,230,58
08dde188-240e-4c38-a27d-06ffa3e9b849,0e406f0a-9d32-4d5f-9a5c-d7e0f2f64995,2025-01-01,3946,275,30
ed92a88e-b063-4d71-8205-6348716e13a7,d09daeb3-ba38-4fd9-b698-accab01d18b7,2025-01-01,6998,672,92
9528a2e9-d084-48dd-8bd6-e42fa9dd5fc0,8ef09de1-2445-447b-bfe4-708fdb95e61b,2025-01-01,3623,75,65
1a3654d2-0a65-4fbb-ac44-4a4d5d3753ef,d82c8591-674e-4316-b4e8-393d86d8708f,2025-01-01,689,659,25
6cb22d27-9636-4bb4-ad0c-ddb0f077ac49,a2c0da26-d588-4058-ad2b-1d0c5efa609d,2025-01-01,9186,128,41
b07bc186-2c8d-43c4-8770-dd2bd335aa70,9340a523-0cd7-4d66-b68f-06f3de43f42c,2025-01-01,2416,561,85
b618dfd8-ee9d-4a79-8d26-8225ec3a5085,f3d213af-01b0-4a2c-9e47-c092ef5a259a,2025-01-01,6057,433,47
6ed8148e-835d-4a0e-9688-b79fad65f897,5aab3c8f-bbc8-440e-b744-53130efc3941,2025-01-01,6911,157,70
9a7a6a6d-8708-4712-91f1-0c1dbffdd441,a82ccd72-bc46-4bb4-ba62-401e37b606bd,2025-01-01,8968,164,67
31479996-9638-42de-84b2-53a8e0b6ae80,9333b693-18aa-40d4-bb1d-54defcd88952,2025-01-01,4012,588,52
5c0fabba-822f-47c9-92c5-75066ef26a08,278380d5-c6e4-4385-b3d6-cf1abf9493a0,2025-01-01,8505,527,96
9676b1e7-f3bd-48d2-a3a8-65da9a72a04f,ae6cffa6-61d4-429a-9190-f8c29a3d5422,2025-01-01,5327,590,6
7918654a-a6bc-4cf9-ba4f-5980cb4f95fb,94b15b98-9e2e-41b6-ad39-8b7ba53b096b,2025-01-01,5812,848,35
9f0ad4f6-c06c-475f-bcb5-b8b79e3d4532,a871ed35-cf34-4053-95cb-59a2f65b772e,2025-01-01,2190,594,73
a48008ee-d775-4f97-8e50-2a6f9ff97ec4,72adf109-2531-4438-9592-af949fcbcab8,2025-01-01,6218,444,92
695e4756-ee73-4e87-87d4-4410eca5c58c,7907cb9b-0b7b-42c1-a49f-e28cba388882,2025-01-01,8291,272,54
65e236e2-ec71-4106-be84-2f505c03d3b1,a04bf9b9-d959-4677-a6de-29c1ee96685a,2025-01-01,8378,193,64
d4ed43dc-0c14-4a98-a0d8-afcd021f82ac,eeb05a88-2c36-4cc6-b715-e3c54b9d1a7e,2025-01-01,7465,323,94
05a28177-29e9-463a-ae2d-93176abf0c58,43cdced0-d488-42c2-b847-46bd23686353,2025-01-01,5321,364,36
143ea31f-02b7-46b8-9180-c08519ed928c,f1bb00f5-f722-47f7-bbfe-8f56b68eee2c,2025-01-01,870,731,92
1b85f1fc-83fd-41c3-9950-dc553b8123d8,4f7af75f-e550-447e-bf6a-dbf8bb394ad2,2025-01-01,9985,22,69
520b8f32-f572-4dfe-96ee-5bd0b4abc265,58e5958f-b2b4-437f-b5c4-21d13dc5b9b6,2025-01-01,7002,442,69
e8ee8a01-270d-41ff-89f1-76bd1c875861,ca142b0c-1c7b-4dca-8aa3-8b1fc3db5cc1,2025-01-01,7276,531,75
694dbc85-6e6c-46ee-b85d-dcbed65e69a8,ae6cffa6-61d4-429a-9190-f8c29a3d5422,2025-01-01,2293,533,87
e8ddcfa1-b3e1-4ad4-b7ad-d930d61b174a,5e4613fc-b0e9-4004-b467-12f3ca31289f,2025-01-01,332,597,98
68f08a47-ae6f-4f84-a7c6-f2d00666a9fa,6bbfc12e-5e78-46f6-8766-a0cf3eebd41e,2025-01-01,6851,460,68
76affc1b-3a4f-4d3c-8c8d-db5a12e77237,656ba777-d04d-49bf-afc3-3fd1d428b57a,2025-01-01,4753,768,49
a791b70b-1706-41c8-a005-ed217406d857,1adc0144-bbed-4ef4-999d-9168ab3b0a26,2025-01-01,5239,851,70
58426113-d2b2-468e-9a93-a71f40a7842d,db21a562-b49e-4b47-a77d-2e1383869810,2025-01-01,7703,16,6
67bbfa6e-5a6a-4dec-8347-ac432fb6f821,affa8232-a2c5-4677-a157-cfee2d4d3f07,2025-01-01,762,36,19
2235903a-d381-400d-a8a6-dec6e1f3e665,77a20d91-2ee4-4bec-960a-da46fd003982,2025-01-01,45,205,35
0d507052-e18f-4583-a39c-1a5ed88c8153,bba7a942-a9e7-43cd-853f-63e8dc386229,2025-01-01,5637,762,97
b03a8e14-98df-4e0b-b230-cf3db6999df8,d9fa1c7e-50bb-41f3-9f33-299cbb8f7d4c,2025-01-01,647,878,6
299007eb-8bde-477d-b7fe-0ee9ef09d06c,09b81fdd-8408-4930-99e8-ce26e1e093b0,2025-01-01,4174,254,35
6409d4f5-ac23-428d-8cb6-15fc534ef3f5,1c829cd4-496f-4987-8a54-917438aaf301,2025-01-01,4063,50,23
9e758f19-eca6-4d11-a0a0-32c5dfc9038f,3dc4d808-882d-4eba-a666-54de9a4390cf,2025-01-01,9413,555,18
1a78dfdd-930a-4897-b71c-74ed2ffc8b60,993fa60b-ecaf-464f-a754-8194c2e75847,2025-01-01,8716,81,56
4b2fac40-37fa-48ff-b201-82616b06e942,f73d52e0-3fb3-4d74-8dac-7495a8e86aec,2025-01-01,3470,454,74
88d9a005-3138-44c8-804f-205ae4469e05,4fc65727-2298-444e-be59-1f329a107b3a,2025-01-01,5215,646,30
3e30e40c-56cb-482b-b2a6-c7d44fb9dbe6,b6b687b2-66cf-42d1-9cbe-3497769e5b49,2025-01-01,9226,407,36
2b8feef2-6baa-42a2-82ff-0fde3090db02,a7bdf035-3d23-4837-80fe-20f5f80f4371,2025-01-01,5673,873,20
2a8a411b-6cdd-4ea1-be11-0c642f0dcc7d,0c36f20d-8c39-489b-a59e-fa2d13283291,2025-01-01,2208,530,53
52b6ef4a-6838-4067-93bb-8885f65386a8,960946b3-9311-4c73-85c7-77a136cd7769,2025-01-01,7066,103,56
5875c9a9-bfba-43c3-8e56-20b6a5c8d37b,e6b3b1c5-3c85-46dc-a77e-b031f78dfea8,2025-01-01,6913,404,95
4ed9a8b6-020a-41c0-b648-dded59652485,1751d4be-017f-4260-9eb4-2595e7529d98,2025-01-01,4504,386,87
298204a0-0106-4197-97da-4183527c4a18,c9666602-3b31-45a3-a19b-61365fe80936,2025-01-01,7454,973,16
3e6282d7-dbfc-4de5-bc31-52cc0d62ff33,49f8ed8b-6ccc-4a39-be02-76132ba56d3d,2025-01-01,1207,246,47
c057ed49-2114-4794-8ffe-338fe5a9b4b7,22b7be10-8fd9-4c3f-9dc2-60b7cf97e02d,2025-01-01,1814,309,98
c90778c6-09ec-4e88-934d-aca7602418c7,7dd03376-37bc-4d80-a926-9e31ebf3e9f7,2025-01-01,6211,959,16
bde520b4-fca5-4fdf-9b0c-435f4f0015db,bfb282d1-a893-46f6-b941-09b81fe57b85,2025-01-01,2549,448,36
8743a1cf-7a29-46ea-ae41-2ea7ca5b83be,3e019f68-e128-483c-a99a-cd876c7e9e9c,2025-01-01,4769,360,50
6a8dfd20-4902-42a9-9ecf-758e0eccbca9,3e63a157-68da-453d-9ade-6e6e0f3b6217,2025-01-01,8736,829,74
ef40a666-eb88-4366-8080-9d56fa35f76c,634066a1-4d23-4298-8ff8-ede938a1c980,2025-01-01,159,680,39
8924483c-233c-4eb3-a35a-35e72845b14e,6ebd7b01-4f5a-4650-953e-782f62cb53ff,2025-01-01,9452,324,28
3be4d800-6888-4a2d-8e6c-61375b45fa4b,cb7a3f36-ed75-4079-a4df-1ba2e518787e,2025-01-01,1281,548,13
463d1f13-4c99-40ef-ba96-29e9a58cfb63,2e72b139-06e0-4fb5-8a03-b6a5a1fec270,2025-01-01,1333,584,50
b758fbec-d5f1-4ac4-a512-dccd9128f46e,c5d47363-8ce5-4291-b5fe-a929281a5eef,2025-01-01,1746,15,42
7f912e21-a24a-4f18-93e2-2d5b164fa56a,cad2ccab-065d-41f6-9ebb-c81f314cc821,2025-01-01,6789,925,24
b20a1485-516b-4dfb-aa15-4c5ea45add76,c5833dde-acf3-4abd-ac8c-c058f3019116,2025-01-01,1908,841,77
5e82941a-fd73-41f3-b5e2-a72cdc3efdca,937a469a-00bc-431d-8ebf-b339a36560cf,2025-01-01,4410,560,18
8c1b636e-d588-4db2-a49c-d8f9b77488b9,aa365c5e-37f7-4c08-82f1-6863b0a67c2a,2025-01-01,3884,757,40
7cb17b0e-6a22-4637-ae31-49eaf23f2037,9d77346c-54b0-4484-b7cb-e4f12e174116,2025-01-01,7392,837,40
f991bcd4-6b5f-4e47-866f-68a195028f70,d49a69f5-d937-4b9a-be53-496bc5663c8a,2025-01-01,2091,853,93
84511bcb-4c16-493b-8751-fa3b0a2ae1d4,704f402b-79a4-4978-baed-87b4f4db8ffa,2025-01-01,236,572,16
ffb0b496-2dea-49be-bc3a-718cea94d8d5,7dce6d73-edcc-4464-913c-5cba3b103e18,2025-01-01,5932,819,9
7ff1992a-eb35-4a9d-9fb9-bfcf5896bacb,cfe4a590-20ec-467e-9226-ceb9fc343c39,2025-01-01,1635,719,70
daa43e47-ff14-466d-9eb6-b3f43e3466ad,d0f95245-968d-495e-a740-e0632f5f234a,2025-01-01,2139,326,78
51cacd26-204f-4da0-8504-77208d5fc008,6395e7a6-2f6a-44cf-80cc-ffdc4f8ac216,2025-01-01,3670,492,4
1fce5725-bf22-448e-a96b-607ae36af12d,7b47d030-8762-4bd6-81ab-083cae7ef866,2025-01-01,1635,883,3
b11411bf-7453-4aad-b152-1ffe34c1e0ed,6f8a3e1e-7449-4038-a36b-f2575a2499ea,2025-01-01,2497,174,96
b3ec5e65-b5d3-4e61-b14a-f419079d5254,146bc27d-00dd-4454-918d-9a762fb4bb01,2025-01-01,3089,620,62
6cf03079-ac70-43c9-bafe-68f50e0db1fa,c08b0b98-a10e-4da7-8b29-92190ca99e72,2025-01-01,6764,73,82
eabdb3f0-348d-4156-a2b2-8b026ac675de,ef874a57-55a9-4337-b271-7f133a21460b,2025-01-01,1100,220,46
f5d87646-c9a2-4d26-a522-444a4221ed1f,cbc2bf24-a75e-47d1-ac1a-712548bfe292,2025-01-01,9154,469,96
7897c0f2-8006-4a80-aee1-4c43b8241c28,1c4fd3ac-1220-4a3b-9c46-5c66e10385b4,2025-01-01,5667,970,57
32828041-b72c-479c-b29d-6ce5bd15667c,48aeb111-f690-4e71-aeb3-7b917e962fa3,2025-01-01,5275,141,68
b18af6a3-021d-4e90-bb27-63d29f5d0560,bdec5948-144f-48e0-a349-7e5a24be2683,2025-01-01,2914,605,91
bd551d55-288a-4e84-9f93-e6d80b1cde45,c07d432e-fad5-45f5-a5c8-d277b3931a75,2025-01-01,8303,697,69
edf4b66c-6096-483f-91f0-428a49a0415a,3a078995-6415-427b-93fa-1dccfbfaf262,2025-01-01,5602,820,47
7c2279c5-163b-4107-913b-46dfad638953,6755beef-a2b5-4a54-af40-45b7d7cb5ecd,2025-01-01,1675,299,99
2b564a05-a076-49b5-a144-715f14624601,f494af69-ae92-4b02-87c8-fec4bccf8a3a,2025-01-01,833,81,5
421132e6-5502-433e-a9c8-6a9a74805182,ff2ad219-d953-48f2-80a6-b4a5405cb509,2025-01-01,58,990,43
e48e2870-dc34-4216-a86a-d1b7c78c48e7,e96859bb-e26d-4b3d-bd91-03dc85329506,2025-01-01,2307,771,16
1bdafd18-ed91-4037-9bd1-6ca007b78538,43a30b56-833d-47b3-99ec-19139f8c6406,2025-01-01,351,885,30
b1e65791-8f01-4fc9-b6b2-205703019b0f,d02e0b75-bd26-497e-a63b-3506752fb01d,2025-01-01,2561,775,18
25e751aa-2383-4987-b255-c5bc40abb52d,d2eb2172-0349-4a75-8970-e5993e8fd9ef,2025-01-01,842,432,26
87a67abc-ad73-4080-97fc-1ff373e98857,9e599ea8-4d27-48f2-a4c9-e26d70aefc40,2025-01-01,1750,879,60
3702ce75-e6ee-409a-8ae5-979194b97a73,4a923fc0-adda-41af-9ff3-12a5c63a8869,2025-01-01,526,818,76
06e31b59-9cc0-4218-bcae-481bd86085b5,32656fa6-ca68-4cec-9e19-5639ed0db3fe,2025-01-01,6931,338,63
4e23d553-fd88-4032-9aac-eefa655e4779,d5a6fd42-89c8-4ba0-8785-520c7d6ed022,2025-01-01,7204,436,97
8add4759-629e-41a1-a66f-a9c2b024cbc1,021fb4cf-d67d-4a05-8192-3ea31de9504b,2025-01-01,9241,826,40
86ae23ca-20dc-4012-bed2-455871dbf1f7,82ea7efb-dd18-42cd-a4e3-9e2f4519beb5,2025-01-01,3358,342,96
4ca9f63a-0537-4954-9be0-fb672d01b264,af35292b-4593-4eb9-a7d9-ed9730148c8a,2025-01-01,326,696,36
80d6a14e-af4e-4c0b-ac31-100521e3ff61,3bc19ff9-f596-486c-84cd-002608b28e7d,2025-01-01,8792,28,9
2d0e94de-587d-49a2-a4fa-105f3d8723a5,6a8a51b8-1b06-490f-a3d3-746a9a49a7bb,2025-01-01,8224,855,84
2b0568b9-222f-4175-94ca-d871f6b47e1e,e5f33d34-6eba-4421-92b4-30cb705a5b31,2025-01-01,5173,544,16
edc90b96-95f0-447f-b95d-a1920bb24821,d1e0228e-e3e8-4f33-9c3f-6a1c49cb966b,2025-01-01,7189,984,2
ea84e5e2-c8e9-4fb5-ac72-29ae6110508b,779e8091-cb77-49e2-b0b7-f1a9682f03aa,2025-01-01,8433,52,23
1a9b076d-9c39-4dd8-8253-e60f117218d0,dd09673b-a759-431b-9f7f-02faef8d8c74,2025-01-01,2678,707,95
0c09b9ec-d048-4bdc-a70b-f7c7cb787281,de63c03b-8f66-42b4-951a-4b8a4d0651df,2025-01-01,3105,944,25
debb0baf-58df-423e-8fdf-ad5fa946efcf,06341667-8798-4bd8-b3fc-5461af632b15,2025-01-01,8596,76,24
cf739e33-2025-4351-a3cd-afa2e1941a2b,fec3fae1-d76c-42ff-a280-8d0630e61c41,2025-01-01,7632,729,11
b0059dbb-3ada-429f-a4f1-db4a221b0eea,d6716325-d336-4dcd-8758-6f11449f8c60,2025-01-01,8794,912,22
7e163a04-f482-444c-8ca6-eeb203ba6243,79c65e87-a28b-4eb0-950c-c51d140452e4,2025-01-01,8740,691,30
d94a93fb-f472-4593-8996-8329850b1f47,8addc301-e137-4dd9-821b-af6a6a9d35d0,2025-01-01,5684,344,84
08c07872-7395-47ff-a85d-a5c58e240457,9a863734-e786-47b1-82c2-f976cbc54db3,2025-01-01,5021,504,55
91e62b8d-7f06-4b27-b7f2-25f964612f74,dd4eba11-a2cf-4213-b17e-c33d6491b269,2025-01-01,2345,804,14
323fc648-18af-4338-910b-33b3fbc94c75,a82ccd72-bc46-4bb4-ba62-401e37b606bd,2025-01-01,8571,728,96
85509a33-0897-4515-b452-dc861a4b5fbf,90859dc5-f7c5-43af-9db9-3a4d84bb19f9,2025-01-01,5054,239,0
d03d552c-3058-403c-b60e-c3faf8876112,08618bc7-6318-43b3-bfbb-43ea1a5cc8f8,2025-01-01,3532,835,43
a35e7d86-7941-49e2-ae74-977410a6c5ca,bbf6d8a0-d53a-49b0-acc9-298981347a7c,2025-01-01,7438,253,35
3c69b862-40b4-4e40-b324-e547c7a9a923,9c2b07fa-89aa-4108-b98b-e0a58c297344,2025-01-01,7183,774,92
7c0b49ae-8d97-46cf-a161-e048f05dca05,f6d350d2-b417-4ef0-b8a9-895383981043,2025-01-01,5837,212,78
0d28b9d6-e233-4809-b9a8-17c34db1b9a3,5a3a569a-e5dd-4349-9397-bd5435e02965,2025-01-01,4269,983,26
c62bc252-9c52-406b-b480-aa3c134903a2,3e8150b7-1666-40e8-b4ed-c4a92ff27e1c,2025-01-01,5723,212,28
f259f402-ffd8-4664-8619-68a783453188,1cf80a49-16ac-43ca-ab50-fa33cb1b790a,2025-01-01,1885,592,76
a6ab6a9b-6f75-4d23-ad05-030c018239c9,1cc74550-377d-4508-b377-4575f9db67b8,2025-01-01,6068,834,56
85441728-7458-4ada-9201-55452fceebaf,9a863734-e786-47b1-82c2-f976cbc54db3,2025-01-01,8169,834,40
257a8862-5293-46c1-979a-5c65d76e35cf,33329b71-36b2-4bcc-bbe2-553c8ee84832,2025-01-01,6675,792,22
eed5f8f2-0dd7-4fee-a5f9-f1c76ce09bd8,a89291d9-f47e-44a6-aefe-23f3f87c7aad,2025-01-01,9328,30,3
36117baf-f39b-4607-8b02-4c1ccee79701,7b66b96a-2fe7-49a4-a693-2f8c9015efe1,2025-01-01,3102,261,15
46b5bbfc-5bf0-47bc-a986-13420291ba35,412485af-3a3f-444b-9afd-70939627e7ae,2025-01-01,6826,369,11
a87c5ede-d025-4cf5-b2d4-ac7be07779a4,015cd931-586a-4e8a-a470-4cc058fc04fc,2025-01-01,9962,561,91
a2a93c30-06ef-47c5-9c01-a7d50dfdcf15,2a607cfc-7f84-4403-9b35-a7b586f7d726,2025-01-01,5883,275,85
40c7f7b1-208e-4c06-89f2-9407dea426b8,d8c01ed3-3c9a-4ff1-8f9a-c95ab46edfc0,2025-01-01,4177,190,63
26919352-e529-4039-9621-61b21c8a8efc,ae731234-9e0a-4180-8257-44b35fc3e711,2025-01-01,3844,343,0
56a6aae3-9758-41c9-9550-ca87ba4b7298,bbf6d8a0-d53a-49b0-acc9-298981347a7c,2025-01-01,9095,210,13
9021cefc-a638-40d7-bd04-de669acfda77,8c3d635a-e37b-4d46-9b84-e52869883d51,2025-01-01,2195,412,45
e88ddcd2-8d0b-49f0-8de9-6fe6f0a5ef11,02f3e7a0-7fd2-4481-bc3e-2867d4e88b5e,2025-01-01,5776,488,85
c9aa60ff-77e9-45fe-ac14-b4e421c7a93f,6e9303e8-0aa4-4179-adf1-dbdbcea654c8,2025-01-01,2196,75,19
d0ab8533-2941-48e5-a1da-0aefa92475e4,0795512a-45bd-4acb-9760-facb3f849dc6,2025-01-01,185,13,64
fd5758d5-a9c9-4afa-a76f-acdb353e2dda,f77c06a3-7a29-4fb7-803e-3f579b3991ac,2025-01-01,5745,764,19
8dc17bf3-4226-4fd8-a160-2e85700d6390,b213d916-5ac9-42d6-91ba-11c5ebe43db7,2025-01-01,5574,73,3
b9022c04-9a53-47c5-b102-407dc0a6df00,f0fcbf1d-ff6f-4414-b9bc-5acb6f8e4159,2025-01-01,740,810,83
c1c5544b-b447-4f3e-b760-dbdc505a0641,f0fcbf1d-ff6f-4414-b9bc-5acb6f8e4159,2025-01-01,9369,123,67
054d9fa2-b140-4c02-9ddc-9c5f1ea5a4f0,8ffdafd3-9d97-4561-9eab-efb8fd024aef,2025-01-01,1993,666,21
9310eb8f-238c-4691-9eaa-951c93a4fba5,9dbf19e4-2148-4898-bef4-f59f65589a60,2025-01-01,942,98,20
ff587bed-d7dc-43b3-b0ac-6a7df1ee1b5c,d9dcae65-ae35-4a50-9e56-0c5a467de2d1,2025-01-01,2603,666,55
7d381de2-f189-4d1c-8e12-c278b4b27e72,86da9130-6525-4408-bae6-91ba731f6497,2025-01-01,9499,148,12
ea5e0908-cbbb-4a68-ad50-fe21b5ef7089,1f7c5978-0c76-4ea2-b679-4d33b96b013a,2025-01-01,7767,780,19
a8ef17ce-cbab-4ec0-a774-9b476d8a1bf3,53ca289f-9532-4c3d-8d36-428bd08a5a61,2025-01-01,2042,679,3
b1f3a1a4-8e41-4bbe-a313-540364f0134d,423e225b-9ab5-4318-9cc7-b17a779b6519,2025-01-01,3904,375,13
03047bae-066e-41b2-8571-a0555acf7b08,58b8f4eb-2f44-4085-89e0-43ebe68c0a3a,2025-01-01,2834,733,50
c7e379b9-7946-48db-9b5f-e01a936ff0d2,54ecd295-c510-4c08-a059-1aeb7a51f619,2025-01-01,2108,231,76
e236758a-72d4-4cc1-8a44-cb04702f197b,daf72a1f-2a87-4cd3-977f-b444ccd0ba10,2025-01-01,9916,763,51
1173af80-8859-4f01-ae60-5004c6b74732,76d290bc-9833-4bab-a853-b5893eda0625,2025-01-01,733,592,22
5611414d-c8a1-4811-aa58-880f0860c770,216201d5-32ac-4669-9732-e31b7e7bdcfd,2025-01-01,1458,509,77
c0977003-d5eb-49f7-b2ef-28b90d05156f,2cc25564-f1a2-40c2-b4a4-fae24f23776b,2025-01-01,5181,722,24
d6eee528-1850-41c2-a256-3b91ac6c05f8,de63c03b-8f66-42b4-951a-4b8a4d0651df,2025-01-01,4729,737,20
4fc7d3bb-83ff-41e2-a984-57d59bd783a2,ae6cffa6-61d4-429a-9190-f8c29a3d5422,2025-01-01,4070,712,66
91976912-d4e0-47e3-896f-35415937c9a4,cfe4a590-20ec-467e-9226-ceb9fc343c39,2025-01-01,3265,301,24
637b5699-dae6-4929-9f11-4026ec47f4b9,11dafb6b-3ed6-4e54-ab21-9b1183a4b9f7,2025-01-01,2204,183,56
4c63ac41-4513-4bce-89a3-90d5f62d34bf,1a7199df-7589-4fb3-81c3-480cf5ab446a,2025-01-01,4210,454,69
acc9a8ad-6161-47c8-b946-b717ec86a019,bb862b9e-1241-46f0-a14f-d5cb16e8be92,2025-01-01,5998,494,41
a7b23cb9-c004-4c58-af31-6e25a2c9d105,1e2e539c-7bb9-4de8-bd35-50917f3c9a2a,2025-01-01,6345,9,37
4a8da33d-6d59-4685-9b8d-4e0cef2613e2,e6b3b1c5-3c85-46dc-a77e-b031f78dfea8,2025-01-01,364,415,81
1cc14487-85da-4b0c-87a0-bee84b394c55,bbfe5bd2-4aac-4705-bf1e-e4de04db50f2,2025-01-01,7419,663,67
ecfab47f-6dcc-4128-a51a-64cf16f34cf9,9364d83f-2805-4628-9966-82f3b164c2d9,2025-01-01,194,463,27
9d17158d-dfb4-4ff4-be97-af805d2690c3,4cafcfae-fae0-4a04-9477-4a638b7b6192,2025-01-01,7105,916,20
36f0f65d-12d4-40a4-9ff2-a82fd56d4a6c,20e7d7f8-7968-4885-881f-edc34502bad1,2025-01-01,7961,331,69
c9e4a7fb-41de-4d13-8d0a-d148c5322b44,33f7e2bb-4d68-4b31-814f-b0ae36470586,2025-01-01,4768,83,75
f13b58c6-2edb-4a3e-a00f-aa57b15d7b49,6c23353d-69e3-4e15-90c5-990e19a7e24e,2025-01-01,299,929,46
c6e7e6a1-6083-4dc3-a018-52d0e8541bae,d5a6fd42-89c8-4ba0-8785-520c7d6ed022,2025-01-01,9502,260,42
5a56a04a-d7a1-4839-9bb4-462a9e99e2b9,f1aa9f29-a46e-4026-81e0-28b28e5925c2,2025-01-01,8366,673,28
34b1f480-f157-4d8d-a6a0-d7a57d8e33f9,47938847-6f2e-486f-b786-a3eceb468480,2025-01-01,249,104,33
17c33aa0-cd76-41b3-9034-7d12cd7aae64,c138d1da-0e95-4b1d-9c98-b21502a8c088,2025-01-01,6901,840,34
cc9ae143-5b34-49bf-bd34-3f8034769853,b3853a75-9ce9-409b-a376-c415766a0128,2025-01-01,5462,810,39
1a4f8e4a-43af-4277-8936-82757cc5f29d,fd967c44-cce9-4a29-8afe-6f69738241cb,2025-01-01,331,800,25
68175cbe-550a-4174-8e2e-9e4d1cb364bc,e96859bb-e26d-4b3d-bd91-03dc85329506,2025-01-01,468,667,75
d7095bf0-bdcc-4fe3-8a18-29daa886a017,0a992c2b-6da6-495e-a615-30bdf7a59f13,2025-01-01,7136,458,55
279b2698-2f8c-4e78-8088-01526a9c8bfc,ce298cde-fbea-4556-a9ad-f0613a0498c9,2025-01-01,4651,818,15
94b2b14c-20a1-4558-ae33-cb5e8e58d434,61746eec-2812-4b19-89ad-26b9b576776b,2025-01-01,1075,376,12
efc3857a-758f-4f76-8ec7-0460dc58825e,01f9f4cf-d342-48f1-9170-4b9952c404d1,2025-01-01,4733,30,10
a3c0263f-ced8-46e8-94f3-2673a0cfc46d,def20167-9b54-4269-a2db-0cc0b3c4791f,2025-01-01,523,39,91
d3b024c3-1edc-4365-9d3e-2f09cc4b2894,73830b8f-f357-4849-871a-6a695e717650,2025-01-01,7614,498,83
be7f9b76-052d-4410-ac46-68c7c00fbb99,4123be98-6486-4ec9-ae31-fdf4b0b3ad8e,2025-01-01,5546,439,30
3d81876c-8bd6-425e-878b-02f177cdd176,d82c8591-674e-4316-b4e8-393d86d8708f,2025-01-01,5290,83,69
e8d66167-bcc2-433e-bdfc-fa7aebf3ef74,4472dd7c-c84c-4b28-ad87-dfdedb533042,2025-01-01,3398,83,18
3d0d4efb-7605-4461-a061-b4095ea32f42,a2de8cda-7bb7-4943-a504-0a1759170560,2025-01-01,2885,462,6
1aa55d72-1962-4faa-b827-c0e9bde6bd65,a8ec983d-0ba6-4942-a674-9b0d09eef5b5,2025-01-01,1818,631,31
e82f6c06-387b-4dbe-bafb-6b4e8e86e7d5,bf9d0e48-c136-4ecf-be3e-c8b5af25d458,2025-01-01,4423,704,55
91e50ee6-4be7-470f-a5ea-8f7cb58be526,915a6ab5-c939-4b31-9a31-8d8dcf98b9aa,2025-01-01,1440,538,78
227776c2-8fe0-44a3-8c22-ba497ad1e0c0,d779ea1b-54c5-4c99-8f5c-958d6ddeb32d,2025-01-01,4918,844,92
b5bbe413-67e6-4d91-88f7-c4f364fec89b,b7aedb50-01bb-41c6-8282-58684b0e0b51,2025-01-01,8399,143,0
0ead853e-7568-4dd2-ac94-6ee76a274867,d1630440-b72c-487e-b308-d3b36cfa2bf5,2025-01-01,6908,801,43
a931aa0d-b13c-4a41-8d4d-31cae57024d4,74dae471-3fc2-4cd0-a83f-13bf0a818667,2025-01-01,3312,769,82
f8ecfb65-25fa-4a01-9050-cc85d4860140,60523e68-4a9f-4e8c-98a6-42f0fddc974c,2025-01-01,7005,915,34
63a1efb5-9a91-4889-af12-91032aa835c7,0c4bf4cc-64e4-4c04-9edd-ef6421f61408,2025-01-01,1884,881,84
2f3d29ad-1c9d-4216-8e6e-fc6ee30d0c54,f444c980-5d90-4c3b-8844-5b2ae79e04fa,2025-01-01,1136,64,81
6a40bcb6-f1ce-4569-a822-cb2d8c00106e,213d2690-0ea6-4643-b17d-809aaecb9358,2025-01-01,9080,18,18
88943750-3781-4c94-8369-09cc45865c08,d49a69f5-d937-4b9a-be53-496bc5663c8a,2025-01-01,6006,924,72
aa17295c-ad2b-49e8-84ad-eccdf50c8076,d0f95245-968d-495e-a740-e0632f5f234a,2025-01-01,4315,622,6
e2154516-2d0f-4fbb-b89b-11ef9e5c2911,bba7a942-a9e7-43cd-853f-63e8dc386229,2025-01-01,2249,930,50
078d3333-bc34-4df0-ab44-8bc898ba680e,fffb227e-3df1-4c7f-b54d-c5b5b16c82ed,2025-01-01,4064,759,93
a0f6f3bf-55ae-431f-8e62-4f25b640461b,76d290bc-9833-4bab-a853-b5893eda0625,2025-01-01,2773,130,43
e7093eb2-4784-4d25-9ca8-cc4dc0d14b34,fc2aeddb-a2d0-4ea6-87f1-fe4a94cc61f5,2025-01-01,6476,995,65
5c423e10-1cb6-4424-8695-58fa99cb1bd8,7b66b96a-2fe7-49a4-a693-2f8c9015efe1,2025-01-01,5834,618,37
b3b86328-f8e7-4b7e-a15d-9318bed6928d,3b639d41-a36b-41d8-97d8-68988234e90c,2025-01-01,4944,818,58
26a87089-26ff-4825-b945-86aa39e87c6b,586d2bf3-4330-458a-99e4-64ee921d9a30,2025-01-01,5675,327,72
258dea4d-e827-425f-8843-815fd629de56,5522b138-e60d-4205-897c-1a2ecd5f1310,2025-01-01,217,139,36
ccf9d632-995d-4481-b2c0-76bdebee5b17,d722c7bf-6323-4a37-a2cf-9965414aee1e,2025-01-01,6646,539,58
962a02b9-bab0-4534-859a-79404b823576,c3f41931-03f7-4ac1-9e05-0494d4ddf7f0,2025-01-01,1893,468,85
7bda2a8e-3990-4e9a-9450-32f6c5a3e71a,b8f2f9f8-b4a2-4ded-90ca-2d83a5ee34a7,2025-01-01,8372,32,61
7c9c1d27-881e-48ba-b9aa-dbb506ca60a3,74dae471-3fc2-4cd0-a83f-13bf0a818667,2025-01-01,4162,36,60
60bf6e0f-06ae-4b6e-ba5b-5389c4ba5a06,5a3a569a-e5dd-4349-9397-bd5435e02965,2025-01-01,894,244,4
461c966d-9acc-4936-9d98-67cbc41932d0,58b8f4eb-2f44-4085-89e0-43ebe68c0a3a,2025-01-01,4031,659,56
9365e1a0-7647-41d9-a8cd-4a6c6ef19a7d,2a579709-6f78-4378-af26-8af60242a192,2025-01-01,5188,708,10
5082d093-9b1a-4772-9fbd-c29df7972256,8f67ce71-76fa-4f70-9b95-3d14e813b1c3,2025-01-01,8363,854,50
73035024-1135-4abe-a16d-d7e298935c60,c9666602-3b31-45a3-a19b-61365fe80936,2025-01-01,3942,871,2
c94466ba-ff1f-45a0-92ee-48a6ac7bc55a,026d1698-47e7-4e64-bdad-54cb153bf5a8,2025-01-01,5248,483,53
3b547049-1208-47c1-9a9e-2fe59caad871,41d9d109-f7c0-469d-a08b-918dc2d21a83,2025-01-01,1486,721,52
7a6448d4-e755-431d-84ce-96cd02470754,25d097ed-131f-45c2-9a43-62595431f115,2025-01-01,1163,234,26
d40778a6-dc71-4701-8fc7-f92d455a93cb,6a785516-2299-41b9-ae25-24c416cae5e2,2025-01-01,9911,483,38
c85f2ced-c651-47e3-a31d-289155c27361,72adf109-2531-4438-9592-af949fcbcab8,2025-01-01,7380,279,91
dba6c672-dabd-4188-8134-a5aeddfdd073,3e8150b7-1666-40e8-b4ed-c4a92ff27e1c,2025-01-01,1931,605,16
7e56c931-716c-4d3d-b38e-87fa7fc411f4,a1e6eb7e-5072-4a1f-864d-9fa16a0c72a1,2025-01-01,6751,613,80
4d7c0854-798b-4b24-acaa-d3c2362b6a3b,3b89889c-dea8-4a14-97af-70b994f74c11,2025-01-01,7965,422,2
f65d376b-3b38-4167-b026-f7ddeb2c3dc2,1e2b300d-2576-43ef-956f-690f0cd92aa9,2025-01-01,2387,876,61
cc124060-7d46-441c-9bca-e818d805f623,634066a1-4d23-4298-8ff8-ede938a1c980,2025-01-01,6964,594,91
0637225d-a5ad-4438-a602-9933a5629830,782ead45-c624-4aa3-b1e6-40f869de5167,2025-01-01,8018,590,16
2075b423-5e6b-4386-82ce-fca896002625,b62b48aa-35cf-402b-8bf0-cf27cfe20a25,2025-01-01,4566,86,29
509e8f23-e044-4184-8feb-c1ac99d41872,2184bbcb-05f7-4255-9f6d-6aa082867726,2025-01-01,7275,409,16
1ff49786-9e61-4b9d-9640-3165ee549d1a,5f248d6e-f394-4385-b88d-fb7fb2c3f9d6,2025-01-01,4648,818,35
c09fbb9a-b6c0-4a77-99d2-27985fbb9cdb,6d9c0f57-7c6f-4077-a5a6-2ca62f76d52c,2025-01-01,3631,26,32
81413bca-8883-4884-9a73-e4ed9ecf9970,777552bc-17a4-4220-8537-225866121db0,2025-01-01,1465,288,72
0d950c36-dae9-43d3-843e-46d594a83368,57d3292a-db62-4df8-8601-28667543dfb3,2025-01-01,4533,491,9
bda4edef-4028-416d-ada4-9ab9dd5a7bed,0fbe5563-0e52-467b-bd35-c40018c26ed4,2025-01-01,9486,216,28
bec37863-23b8-4118-9c47-2aa95a07aad0,704ef5e3-3a9b-447e-907f-757bc2634d45,2025-01-01,7480,179,25
47dbd2fc-08dc-4fa3-907d-ec54a681df95,17a04c75-4371-4c47-bbb2-8156680b42d8,2025-01-01,493,379,26
d87f48eb-593a-4c34-8100-600d88834170,90d95bcc-4175-4953-b8a1-f16c17af0669,2025-01-01,7775,744,19
fb9dcf7c-183e-4c60-886b-f5955c2f8932,19a7022c-34d0-4cb2-a560-a7679e0cf1e3,2025-01-01,5330,907,32
8b1207a6-6d36-4f1a-ac68-35e7fc47bac7,f001db63-1cd3-4d9b-b47c-18ae3deeaf2b,2025-01-01,3465,141,1
be7f9be7-fdc0-4a9a-9bae-72a74ad655fd,6581ef3a-18c2-4dc2-abb6-3c10f52f172f,2025-01-01,1529,427,38
063242fe-478c-4191-b2d5-185cf6738c49,b6e129af-fb1d-4839-b1a4-568a5ec2ffe5,2025-01-01,7273,942,10
b20a9e62-aef0-4ae2-9aee-ea8f8431a4f7,ae6cffa6-61d4-429a-9190-f8c29a3d5422,2025-01-01,617,36,86
2489c3c8-94ed-4c63-819b-55c45e951abb,f5bdbd30-bba8-4555-a574-0a23adbe1f67,2025-01-01,8364,208,11
5ba725e7-bdf6-42ac-be5b-031758f10d13,518ce431-0a92-4b5c-90ff-a28f8cc3e623,2025-01-01,5530,129,53
a7dcd268-f48d-498c-a2e3-612f14bc0e8e,5d66bb31-1b26-4a41-b20e-c320982d5f15,2025-01-01,8098,843,72
d42e408b-78be-4345-bca1-6657c12cc87d,b1c9c03c-82ae-47f1-b9f5-cc1189039790,2025-01-01,8173,103,25
9ac51079-748f-42c6-af0e-4e01e10f5fc3,cb7a3f36-ed75-4079-a4df-1ba2e518787e,2025-01-01,5423,270,61
c66cb273-d394-4521-abb0-56ceb82fc84a,5522b138-e60d-4205-897c-1a2ecd5f1310,2025-01-01,652,989,93
5417d22b-7b4c-4340-b810-33870ec4fa8b,72adf109-2531-4438-9592-af949fcbcab8,2025-01-01,4259,301,87
f366cb01-2580-4490-af58-2abcfcb350a1,0795512a-45bd-4acb-9760-facb3f849dc6,2025-01-01,6895,9,48
418399c2-fe13-4a7f-8fac-f06310ee7853,b681985d-bbf2-419d-a08c-ef27c3ab46e6,2025-01-01,5831,429,2
42be3e47-2093-49e9-b266-7531380e0a1e,993fa60b-ecaf-464f-a754-8194c2e75847,2025-01-01,6727,178,75
0b12a510-a1c6-4575-bfc4-4ea67c44e849,c20121ee-13c1-4273-92c4-1191f0fd29f8,2025-01-01,2294,573,81
856453c5-ae14-43e0-a889-455dae23c515,4cafcfae-fae0-4a04-9477-4a638b7b6192,2025-01-01,6584,12,13
fb3e29f6-9cef-47be-ac73-bdefffa6693f,f7edbd88-d232-4bd7-bed8-2b82c23edbf6,2025-01-01,5921,747,46
b30f189e-cc19-4633-9119-4b4295537255,38062937-2622-4f79-b9cd-4a13e36959ba,2025-01-01,5879,508,61
2e1f96cf-5161-4566-87ba-44bca1112823,905068bf-0040-4093-8fe1-919e5e762260,2025-01-01,5866,882,44
d3b1577b-42ce-465a-be4f-9e029b663cc9,e5a5d264-b40b-40c1-8f67-9a5a92eff182,2025-01-01,9423,327,98
ec9aa27c-1213-49e6-afe5-764a855b4508,80250ae3-950b-491c-9350-bcbdac72f40c,2025-01-01,1678,840,48
386f64d8-35d1-446e-a704-6dbb36cfd9a0,30343466-e080-417e-a943-24c1f1a4d7ec,2025-01-01,6774,568,16
5aee398c-cce4-4656-a588-26950c764b19,9364d83f-2805-4628-9966-82f3b164c2d9,2025-01-01,7636,131,82
1490dbff-1917-4ab6-b829-9787a9b10275,6e217056-9b78-477d-8cf5-44ca49ac44dd,2025-01-01,7696,630,92
241fdd32-5bb2-4a26-b655-628505ea39e0,f1ee6f08-2ce6-4954-a618-bb73e83c766f,2025-01-01,7786,544,68
37b6403c-f264-4b2e-96fb-4dca3d537a8a,8f935be5-13c0-4d1f-bcd6-6c98b882ec74,2025-01-01,2905,944,72
103894fe-f999-42c9-b355-fc9751994433,a90b2e56-eb97-412a-b71f-a519420d837c,2025-01-01,2073,328,83
739d85db-597b-4b41-bc88-f6d16c59e498,38da1910-22f3-4b80-bd61-6c3c91f028b4,2025-01-01,5697,315,4
3a86052a-1d39-4668-bbdd-ca51a42ac612,83259178-8572-44a1-8b35-8a59f1bc8196,2025-01-01,8020,969,80
e2adcbe0-983e-486d-9754-7c2d9c54dc8b,ca1ffb06-fe26-47e3-ad4e-fc8026e7f5e8,2025-01-01,2804,754,77
a680918f-01c4-43cc-90a0-a8a21fdb3cd8,18632a4d-fd85-402a-ab8c-9edf0000d8f3,2025-01-01,8869,286,12
61da3755-d585-452e-bc83-ae5525591dbe,b10b93c8-d812-4bc0-8016-7a637bab554d,2025-01-01,3552,670,99
